2.345301303409694227e-03
2.907051875049583480e-03
2.897908712518695775e-03
2.865492880621177407e-03
2.828381928239918994e-03
2.784875417442699789e-03
2.164087390336573262e-03
6.746982906217989864e-03
2.111538095597473557e-03
2.077564890391193127e-03
2.310889850780940055e-03
2.291451967906199972e-03
2.874868039639176098e-03
2.230975175031735258e-03
2.206607726540997256e-03
2.170234395847983350e-03
2.142439129747659553e-03
2.113578712222733552e-03
2.653533373673332314e-03
2.062434457226861983e-03
2.917399941545760402e-03
2.268634469416509845e-03
2.841967109221230515e-03
2.221988471002194539e-03
2.184643303797276399e-03
2.149944448402817902e-03
2.121107678991791725e-03
2.662886433988954742e-03
2.627752997906648499e-03
2.597804000781273048e-03
2.282026622419089292e-03
2.251508697011345497e-03
2.218293367519288094e-03
2.785504623867818361e-03
2.746942160000807355e-03
2.128503009041604610e-03
2.099942631077422565e-03
2.637120506639712564e-03
2.043886853678756124e-03
2.016406395064784807e-03
2.259076786263647992e-03
2.223321979499097174e-03
2.194166452675011189e-03
2.153986005973914167e-03
2.141599497145783414e-03
2.111821189187818894e-03
2.650488791029026459e-03
2.611900072659260018e-03
2.029371544637680741e-03
2.544464019648481380e-03
3.970723783606519737e-03
2.201613923933920525e-03
2.172331996259865838e-03
2.143401455862375699e-03
2.690557238145005556e-03
2.660662581622267112e-03
2.625195547279137679e-03
2.591512765839515745e-03
2.553182689170864668e-03
1.983767660036495073e-03
2.807114889547613398e-03
2.179816315771512022e-03
2.156555242622018934e-03
4.625394307142672960e-03
2.063923726446619065e-03
2.068660574193981801e-03
2.595967968874609687e-03
2.011222301687790211e-03
2.529314276550006808e-03
2.501306204361927570e-03
2.780302704224326977e-03
2.158299870537808748e-03
2.135660775336928070e-03
2.107082356584074473e-03
2.079133026159684598e-03
2.045748342315162338e-03
2.575649302285834118e-03
2.538018982369589713e-03
1.971058963207761305e-03
1.944972231419700567e-03
2.165675609900844390e-03
2.142709866605038618e-03
2.695034652609722570e-03
2.086456252330471176e-03
2.645577497540544873e-03
2.025718073723043865e-03
2.670053838694361279e-03
1.928837139474363568e-03
2.486813331818737028e-03
2.454877735113660756e-03
2.149184361103118925e-03
2.629739376054819958e-03
2.424357248135442996e-03
2.066207334972851133e-03
2.032991518484627246e-03
2.560539418242612983e-03
1.979540588013499556e-03
1.953493013773085259e-03
2.460872546588331253e-03
1.908280174900094887e-03
2.379289766982346701e-03
2.349221669613161655e-03
2.319272357586144983e-03
2.284152569122228308e-03
6.038473883893696013e-03
2.826399825504777221e-03
2.790589827263579258e-03
2.173275378257474508e-03
2.138734940281209439e-03
2.116378576498358956e-03
4.342893735976171080e-03
2.326635911115462231e-03
2.908688917508977633e-03
2.260478399195143314e-03
2.839702011323024487e-03
2.810441474951391044e-03
2.767867490304433149e-03
2.151849985122509992e-03
2.123709864662387363e-03
2.664221485907367765e-03
2.334404901105248571e-03
2.284915244136923127e-03
2.269286187646524320e-03
2.619761912377107857e-03
2.793817489182626786e-03
2.785458615165473020e-03
2.742365020332926829e-03
2.703443418316950342e-03
2.099062967031094587e-03
2.070182488968028232e-03
2.930541097116833721e-03
2.276618958106855790e-03
2.857934518213304641e-03
2.802573274111135743e-03
2.786586548646998243e-03
2.166573023232090060e-03
2.132738638984481988e-03
2.683289778878240710e-03
2.645859179718460137e-03
2.614551896015884867e-03
2.898658374173415479e-03
2.254586511719910199e-03
2.831178044006319588e-03
2.795611576108626446e-03
5.507378872676356799e-03
2.145603547584702675e-03
2.646184532450780291e-03
2.646716139237716755e-03
2.063057753194370240e-03
2.103875511015446381e-03
2.267466017501841655e-03
2.842777491300623339e-03
2.804742676603326577e-03
2.175492927129872231e-03
2.734675364894993774e-03
2.119459009723706835e-03
2.097378244990610700e-03
2.893175920395915732e-03
2.596743806165834924e-03
2.566539978829165351e-03
2.248965142806072428e-03
2.800189598236161800e-03
2.774487452024194944e-03
2.160206164662353649e-03
2.705036577393895355e-03
2.669636283985079347e-03
2.077712163286621425e-03
2.608058385128659770e-03
2.018736837712887481e-03
2.543600606955684091e-03
2.822669624300729475e-03
2.173196655073309901e-03
2.752618506266928632e-03
2.764096369392201897e-03
2.106473778043157444e-03
2.084701833835017094e-03
2.057735758905414845e-03
2.025293248903112155e-03
2.551789825749789346e-03
1.984795951717105000e-03
2.197313460417382389e-03
2.720145988362749050e-03
2.727254472822211642e-03
2.113331297937459836e-03
2.659197377324682213e-03
2.065381047330787541e-03
2.590773303350108695e-03
2.556489731484146155e-03
2.529074056882805403e-03
2.498841446863909934e-03
2.176091028203949816e-03
2.827898606981943137e-03
2.736071386980962975e-03
2.663473089282325859e-03
6.480852060274615647e-03
2.039449247648109521e-03
1.901751012977852002e-03
2.532716064287826759e-03
1.961614629952056644e-03
1.936349742564240101e-03
2.401354834277394639e-03
3.037953458911831633e-03
2.970491975910846509e-03
2.935770181647778723e-03
2.284893288948835425e-03
2.254907323462073971e-03
5.224529053331789831e-03
2.198721779520116694e-03
2.126134183193181554e-03
2.099991787440831561e-03
3.020458860422378482e-03
2.354598044453840629e-03
2.323449757692677697e-03
2.910955524113144604e-03
2.873272332755728419e-03
2.840889703046488735e-03
2.211378971365525730e-03
2.190125570513359009e-03
2.155601146649804758e-03
2.127891728786002710e-03
2.363058054087482669e-03
2.957118051317526516e-03
2.304085554323258289e-03
2.275492675406557558e-03
2.846721893656350717e-03
2.218561149352268370e-03
2.183622723541943454e-03
2.741895417061021405e-03
2.712810937803710083e-03
2.059386221893583224e-03
2.941608187859957695e-03
2.926382209762681992e-03
2.334797832656882247e-03
2.859550375356139165e-03
2.220154568525852055e-03
2.785875797278597899e-03
2.169985573467794662e-03
2.717595172043523258e-03
2.678653452499511409e-03
2.088386333210771276e-03
2.318422020089753316e-03
2.903456204520487791e-03
2.868383757391239092e-03
2.833362991927725148e-03
2.795141071802688913e-03
2.170376683445996314e-03
2.143824033551904647e-03
2.116639325745068093e-03
2.659447477295419013e-03
2.066818406819692297e-03
2.908487359633526483e-03
2.268564907877993961e-03
2.838142262845979452e-03
2.206302786622818361e-03
2.772489463659772412e-03
2.738654787938486681e-03
2.129475119058418537e-03
2.676474836185983603e-03
2.069929094542342571e-03
2.043452926120588493e-03
2.874699366981459201e-03
2.241446681412276667e-03
2.208854070393898722e-03
3.693661197274608100e-03
2.163751789917139293e-03
3.022935913367157546e-03
2.678070898432053423e-03
2.072577440472462250e-03
2.001892889841942226e-03
2.024849599075769467e-03
2.254304490286804154e-03
2.821151734795588999e-03
2.192678350872401868e-03
2.170833203802322291e-03
2.809878199189574152e-03
2.685766067236379246e-03
2.652554007022223190e-03
2.624311757653061215e-03
2.592131673855549608e-03
2.556128495453789500e-03
2.227432251388793572e-03
2.205432864635104191e-03
2.761287464940744615e-03
2.727534922383121480e-03
2.117233063515530991e-03
2.661185140437576004e-03
2.812788586159564556e-03
2.600778800897580231e-03
2.576611887517252317e-03
1.993608056989792671e-03
2.206900743975026471e-03
2.771888975768719860e-03
3.305581834080776379e-03
2.124756598047301132e-03
2.098064956355941667e-03
2.071158166318662428e-03
2.604926092746744342e-03
2.573155154818477196e-03
2.546302158303664735e-03
2.992803368182546993e-03
3.080184074570179158e-03
2.398608383375308052e-03
3.009201621181815164e-03
2.970321296274464756e-03
2.242894987861214755e-03
2.290046797397335236e-03
2.869351087589076636e-03
2.228706498017353488e-03
2.796952585182827661e-03
2.361321014674201517e-03
2.467881296437119103e-03
2.382193349094751701e-03
2.978727690014616215e-03
2.325292484576198682e-03
2.845640372823244040e-03
2.874150559043915122e-03
2.235790637771425168e-03
2.807909225415712064e-03
2.775732935744152675e-03
4.954896551775139768e-03
3.022869566317769232e-03
2.987385334645717774e-03
2.954728647675909214e-03
2.304037909648917054e-03
2.536683954602496956e-03
2.242313993940937052e-03
2.819731701786218781e-03
3.099000800315746592e-03
2.750971645243457248e-03
2.713295347282415615e-03
2.996321915497460533e-03
2.963421464961523647e-03
2.311329187818328152e-03
2.891385262224638059e-03
3.980032227270280387e-03
2.825405862274501384e-03
2.792179783177688602e-03
2.742885174876012570e-03
2.726251234813532615e-03
2.120090234181189019e-03
5.296045578835887301e-03
2.948948076317573202e-03
2.903801098931178479e-03
2.276310003213776172e-03
2.228952276873937162e-03
2.202160830863100424e-03
2.768095720134647591e-03
5.097382129827065025e-03
2.125270304146564121e-03
2.665581495500179716e-03
2.942763136856769556e-03
2.912407802534150783e-03
2.878030005478252138e-03
2.241173822698885529e-03
5.014284216953115124e-03
2.772648712786667316e-03
2.154415844930643916e-03
2.710617147223396903e-03
2.101437555810221902e-03
2.081272358307204549e-03
2.303850206369906922e-03
2.276014819053710954e-03
2.242723435692076453e-03
2.814695070034853655e-03
2.193916058414165614e-03
2.723095760693237596e-03
2.719093464918415082e-03
3.279480507478279867e-03
2.637913369526299293e-03
2.038819249534339247e-03
2.263747691684840028e-03
2.861717277051270981e-03
2.827668545674091177e-03
2.795810997757488744e-03
6.636518707372367383e-03
2.141535057491268223e-03
2.695019254649628528e-03
2.031964215231051984e-03
2.069274555414671139e-03
2.043829314816393919e-03
2.256495589322859898e-03
2.228977766169156372e-03
4.517658863668179425e-03
2.769148777176233447e-03
2.736216099513364211e-03
2.703883955690552978e-03
2.667178499812526953e-03
2.070239601420143481e-03
2.607905009438594209e-03
5.081061105885130956e-03
2.840274281178510433e-03
2.708588767680978737e-03
2.867837056962089810e-03
2.154885598386413383e-03
2.706782977672420910e-03
2.108752476470774490e-03
2.082850077194559578e-03
2.616623248274787226e-03
2.585520577548979567e-03
2.001398656237533217e-03
2.458853959771433763e-03
3.068070562077451421e-03
2.401351657832506269e-03
3.006897025398655530e-03
2.340179393148508931e-03
2.312472733886822718e-03
2.290256609862790105e-03
2.257465907043617898e-03
2.230938044817427565e-03
2.203815069975687164e-03
2.436206683955971942e-03
5.179774995447566227e-03
2.387726364764234180e-03
2.342561711020222683e-03
2.293758067818764835e-03
2.908924233177341383e-03
2.269605914316149761e-03
2.841467842840926690e-03
2.210157055438488356e-03
2.775307062115068158e-03
3.098752527909680570e-03
2.355557328687579634e-03
2.998405379904446871e-03
2.331143465862280106e-03
2.303647007036614160e-03
2.271119711580394263e-03
2.243871009705102754e-03
2.815470358148356063e-03
5.279314348426905612e-03
2.750788124180230439e-03
3.028170344201526389e-03
4.849483845253909318e-03
2.963349589691754299e-03
2.310761747718207814e-03
2.277749333631715924e-03
2.244543595673774081e-03
2.223716121970230070e-03
2.790560647488087107e-03
5.031926213701758480e-03
2.144237765743833152e-03
2.359085744546481674e-03
2.345010719291587900e-03
2.317532812023812960e-03
2.904018131838004453e-03
2.866325022473318208e-03
2.837291376578573911e-03
3.399297821024308344e-03
2.766397988392863948e-03
2.735193401141191791e-03
2.707179215186809439e-03
2.980102230798151522e-03
2.946170742273094677e-03
2.287147039412450525e-03
2.270261059736006053e-03
2.840753193261270383e-03
2.813018417886443794e-03
2.775829157931181644e-03
2.748127586878769055e-03
2.117050316853236885e-03
2.683908707134091340e-03
2.954481126979384160e-03
2.298147828702623834e-03
2.270904408627678374e-03
3.585906179654342434e-03
2.813528744656852709e-03
2.196522509463472942e-03
2.150249078092881464e-03
2.718968282939163410e-03
2.692135842587563103e-03
2.660687187938804831e-03
2.925235102550459432e-03
2.895658366068042805e-03
2.250651009832352160e-03
2.223908176192458761e-03
2.796707980289868650e-03
2.763911369843075842e-03
2.732170514598344750e-03
2.125015903591676372e-03
2.093616036119841893e-03
2.633534714226164631e-03
2.899731538093404479e-03
2.225271397360535988e-03
2.230313392459002189e-03
2.209896116968554890e-03
2.772580986713208719e-03
2.740584702554215227e-03
2.708502184159002502e-03
2.106506769548320643e-03
2.641729208557841782e-03
2.049779439170650204e-03
2.878860066144134019e-03
2.842142928865627402e-03
2.813338352776739975e-03
4.922991984983172975e-03
2.164401722431914896e-03
2.712548771933830181e-03
2.106576165993274009e-03
2.630582835547180722e-03
2.623565018289811951e-03
2.593108919798705735e-03
2.475697879715620022e-03
2.451120379862234758e-03
3.068595277681243801e-03
3.034695462713129979e-03
3.001421176728192187e-03
2.973257589281544117e-03
2.933298549600732961e-03
2.900721959876015679e-03
2.934911062740592352e-03
2.237302451851191920e-03
2.446766549375021128e-03
3.076593006190191451e-03
2.405451351158105922e-03
2.275761091129013466e-03
2.345816636739823328e-03
2.318570650322363501e-03
2.297105914600311091e-03
2.412711684625241590e-03
2.843104620982590813e-03
2.810599294463047258e-03
2.439242099800591722e-03
3.054692724627613466e-03
2.379401797031179943e-03
2.982990323769695983e-03
2.325082825344332825e-03
2.297461219552723866e-03
2.271591854188803345e-03
2.245167485954382806e-03
2.266901710300962131e-03
2.793657154774110366e-03
2.419053190409928278e-03
3.024512482942732713e-03
2.991858225882262998e-03
2.331836313372823242e-03
2.925299861741289999e-03
2.893778674855979321e-03
2.278703473337469025e-03
2.773201018435251467e-03
4.259449163675414589e-03
2.754242934119164460e-03
2.384817528238858050e-03
3.003188863640956011e-03
2.338322195248400664e-03
2.937319193907426441e-03
5.347896001891174270e-03
2.264019155407106815e-03
2.237261455361410842e-03
2.211279520732438962e-03
2.179961335284427183e-03
2.154269815020104246e-03
2.374769466921318982e-03
2.935154934974852897e-03
2.327243737819346091e-03
2.297080116228035398e-03
2.875837846987933794e-03
2.238471821949197197e-03
2.811072694068391699e-03
2.192332682166267446e-03
3.984132069785259640e-03
2.716127782975630549e-03
2.357084691250825419e-03
2.324499829577154203e-03
2.297951779499666971e-03
2.271445173082497094e-03
2.851002451396640169e-03
2.218998482247644833e-03
2.833506208852209357e-03
2.167443164760108135e-03
2.147706740792135194e-03
2.116867660248680522e-03
2.336871478422767896e-03
2.928734064714435745e-03
2.892269057382094999e-03
2.859535397398564431e-03
2.832191259548915742e-03
4.784986780894191945e-03
2.174001495205695519e-03
2.732100259847656306e-03
2.716534293106366484e-03
2.670288054812072678e-03
2.310853833314779459e-03
2.904310228529807716e-03
2.258203831886690036e-03
2.232123715737426278e-03
2.804396677299584272e-03
2.771697886068884113e-03
2.161009269930503490e-03
2.714538680942256421e-03
2.682651173874324967e-03
2.649564884681788416e-03
2.296749052615626972e-03
2.264254290640181459e-03
2.239606118890696655e-03
2.218763834921237948e-03
2.192922725023058444e-03
2.167669450412226285e-03
2.721506386607236514e-03
2.690753989209801033e-03
2.092789539935070893e-03
2.630122128208798541e-03
3.164157041976891922e-03
2.476648676043235846e-03
3.101488481678960508e-03
2.423254857059447837e-03
5.557091251355379333e-03
3.001601260720624786e-03
2.340674344158970906e-03
2.930196239622676231e-03
2.904792278334946895e-03
2.872385862589358317e-03
3.142033370782422799e-03
2.429497726970815223e-03
3.072701861429022029e-03
2.402671457447204569e-03
2.370933535529319656e-03
2.976538015996367352e-03
2.324135743601263640e-03
2.290887217649079446e-03
2.271226559653966720e-03
2.850738506489456509e-03
3.117099624934750995e-03
3.083749239341482609e-03
2.404094604715550053e-03
2.377326552604386647e-03
2.982101325451288771e-03
2.329915707154587602e-03
2.917051952759194822e-03
2.888643274879243265e-03
2.856798423095260886e-03
2.824945985524989888e-03
2.437248437716625030e-03
2.420933466078500126e-03
3.026420929544621982e-03
2.365260709236637407e-03
2.972279310498128924e-03
2.304653018164024795e-03
2.894724523901011544e-03
2.861022875749978135e-03
2.232604555220871895e-03
2.201382787794942987e-03
2.416557351582333292e-03
3.008462976349446545e-03
2.997910474478641171e-03
2.919554543237947233e-03
2.585088234510364395e-03
3.730927788908094435e-03
2.264815392800146893e-03
2.239127491433871939e-03
2.805394188842904972e-03
5.933986648117960810e-03
2.401974448227767265e-03
3.009692662163882763e-03
2.972936978465879742e-03
2.332314196148621913e-03
2.912647497924018402e-03
2.882813953936047037e-03
2.844743774688966460e-03
2.817868625351386842e-03
2.781954130640082630e-03
2.163886311650761035e-03
2.372570244033290164e-03
2.350689617776338322e-03
2.329090238883225507e-03
2.303614326511535092e-03
2.884511425962623006e-03
2.852935468837209526e-03
2.226581561521819973e-03
2.789969742987239657e-03
6.654460497850241130e-03
2.145328645098151278e-03
2.356815100444956991e-03
2.330273898519912446e-03
2.309354941226311308e-03
2.892533155182035708e-03
2.861062096542021493e-03
2.232966487610883819e-03
2.797956117041097614e-03
2.298803528696206477e-03
2.740429140553171921e-03
2.125631508532052193e-03
2.342460927575825379e-03
2.937845392173971809e-03
2.287152783108153606e-03
2.868145900981986830e-03
2.837163688973591471e-03
2.039112630243130730e-03
2.189088969650784637e-03
6.129718053042522777e-03
2.133513965818051045e-03
2.721525639572005845e-03
2.322846421924735540e-03
2.905876194575573914e-03
2.265408047786351704e-03
2.845045102713168739e-03
2.813789768891866543e-03
2.785834201696908794e-03
2.756694710281901942e-03
2.725797510632461083e-03
2.696699160100000416e-03
2.277945051499026367e-03
3.194027452863902952e-03
3.157617012267423771e-03
3.126092535468799529e-03
2.441092770877321353e-03
2.421260580740961128e-03
2.394166752821036935e-03
5.123016387586621853e-03
2.964804928416435014e-03
2.932892033319286443e-03
2.905122566565631215e-03
3.169293329932959969e-03
3.137070873024579327e-03
2.445756706680769776e-03
3.069014084506680416e-03
2.395154724593426959e-03
3.004630386142777797e-03
2.972581162319956269e-03
2.323051871358225180e-03
3.679977933744761273e-03
2.881507288577527491e-03
3.144667761844662304e-03
2.453418940255941427e-03
2.427364099577313406e-03
3.044561768943840341e-03
2.375685875008352443e-03
2.349548802509773392e-03
2.952374258438668266e-03
2.916860059939236586e-03
2.272613960494313575e-03
2.247245219124829104e-03
2.459525172103119248e-03
2.439639946135056109e-03
3.052198972722838799e-03
2.379239610337402153e-03
2.992056224269163452e-03
2.957092344786403995e-03
2.305627271624683880e-03
2.893823324595676521e-03
2.865851337122155267e-03
2.830808407821761800e-03
3.096284049148293437e-03
2.419436986951060443e-03
2.396938207809525597e-03
2.368247429855218234e-03
2.341955466096234256e-03
2.936334470030158971e-03
2.976026686917153472e-03
2.307995225399755469e-03
2.838580037648079802e-03
2.215785213790196113e-03
3.066980815942193985e-03
2.399528883673283149e-03
2.373795395138394819e-03
2.975805929269974542e-03
2.316917935445083308e-03
2.297207455080483175e-03
2.266168782476987546e-03
2.846351913644727585e-03
2.819682236053065120e-03
2.191329932461559462e-03
2.263862728772447937e-03
2.375747168000489924e-03
2.980779011481722498e-03
2.328973302902865358e-03
2.297744354622793805e-03
2.886626639955729243e-03
2.197950934510914129e-03
2.222473808923127684e-03
4.592349893092867799e-03
2.173032329748808642e-03
2.380703986691225758e-03
2.354964924403523101e-03
2.335175112982962493e-03
2.270259115461419671e-03
2.283955336328545582e-03
2.861887910290144069e-03
2.825861157096647581e-03
4.627736129547318535e-03
2.764113740213308516e-03
2.744100073641709235e-03
2.366072527734767658e-03
2.963435298986986152e-03
2.309557419487159261e-03
2.900258487870938703e-03
2.873789010988822990e-03
2.843590292700610717e-03
2.812467364723050724e-03
2.185555634539197711e-03
2.738362984276836946e-03
2.137065463305125659e-03
2.347721854729782273e-03
2.939492366481037938e-03
2.291129901481530305e-03
2.273268969191208355e-03
2.241115306284379056e-03
5.148306609667151895e-03
2.199311435440358484e-03
2.759382699674675730e-03
2.730062300729297915e-03
2.125487201661098533e-03
3.772678891559755939e-03
2.514348584779658741e-03
2.494284021522461155e-03
2.459267770540117613e-03
2.436613658102068300e-03
2.417718409207167407e-03
3.023384029329109074e-03
2.998667463968302145e-03
2.963552773125769941e-03
2.316311565145855178e-03
2.415085121698019692e-03
3.005467243602411194e-03
2.474782232719041544e-03
3.100550864976623407e-03
2.423839364829945015e-03
3.037668449979992382e-03
3.002660255270205459e-03
2.347668763933580260e-03
2.949495269800591919e-03
2.909063801378538108e-03
3.169534343895519159e-03
2.475564414364690106e-03
3.108187670841529564e-03
2.424378168911514586e-03
3.041533010425905709e-03
3.010071535422740013e-03
2.619655963484765742e-03
2.323306132337394758e-03
4.506210995410437313e-03
2.271674939304204732e-03
2.481242068967326030e-03
2.455737801421621711e-03
2.435770451502201374e-03
2.409719081283108987e-03
3.018262576476647089e-03
2.359983950212626424e-03
2.335872234656774168e-03
2.309298540514531997e-03
2.285023883619700588e-03
2.862942214326155612e-03
2.467322667902292592e-03
3.066716066901435927e-03
3.056527861757276504e-03
3.025028786609125411e-03
2.366161088199761169e-03
2.335319866838577244e-03
2.935897176546091794e-03
4.734349662468204968e-03
2.260623751467234592e-03
2.236796671852659540e-03
3.099235156074889221e-03
2.417022009365181381e-03
2.397454626477404926e-03
3.001477973393144958e-03
2.970509618718644110e-03
2.939530455558816459e-03
2.912734695711866745e-03
2.424601868525866864e-03
2.248428846269999622e-03
2.217619251779641507e-03
2.423057201359696440e-03
3.040251181944251656e-03
3.141753960528075214e-03
2.981917352307321065e-03
2.324536234070024091e-03
2.968167247657332430e-03
2.272110391775553767e-03
2.254183033663917455e-03
2.223906123920015628e-03
2.795406248558002151e-03
3.051486423543908668e-03
2.384582142490731128e-03
2.989491416280978375e-03
2.334457136778061385e-03
2.923925866158722398e-03
2.279023617277246491e-03
2.254401185637449918e-03
2.830927348271490215e-03
2.820674357758590992e-03
2.747182061180494621e-03
2.314266001594764838e-03
2.992882248794603069e-03
2.966078560723448606e-03
2.931460563529418323e-03
2.810734076404324770e-03
2.870550788768999693e-03
2.840217801530039304e-03
2.211747146918656079e-03
2.113100994300046945e-03
2.005490429970802849e-03
2.366203509808102300e-03
3.721019992641251203e-03
2.943010429880561080e-03
2.291207489287395722e-03
2.269142396626688124e-03
2.242465771140704587e-03
2.224041485883474032e-03
2.788140308454274859e-03
2.758863929553800540e-03
2.729633816380588537e-03
2.563944549545934658e-03
2.532893014255437145e-03
2.514120930801427151e-03
2.489998010462568957e-03
3.115829623939531633e-03
2.434554060651733867e-03
3.052673834427942646e-03
3.027497337505630302e-03
2.365054587610591376e-03
3.633413346877422019e-03
3.902991072809055412e-03
2.520421956634801008e-03
2.501626455575274837e-03
2.465482093772705056e-03
3.096537899684787074e-03
2.414831354357284930e-03
2.390639963032542125e-03
3.004818554637813353e-03
2.340965923266572976e-03
2.939443295801413662e-03
2.521104159741490575e-03
2.501280228366784073e-03
3.130391832509390147e-03
2.451856621717224665e-03
2.427030117704453548e-03
2.402222622299130927e-03
3.007161448499143155e-03
2.875021648590396408e-03
2.322251343643998243e-03
2.916612824389757264e-03
3.172240368120601058e-03
2.477239596305763885e-03
2.457661865095494679e-03
3.077262350173136894e-03
2.402505765751328758e-03
2.383407356073384900e-03
2.353097344305004387e-03
2.954871690514574312e-03
4.026316547663676831e-03
2.798805838042927284e-03
2.482804382148599571e-03
3.114676585663397803e-03
2.433250525265928058e-03
2.414146764674898315e-03
3.026697294102516714e-03
2.359004667061134243e-03
2.965650914436920513e-03
2.319840675337679105e-03
2.291333227089199006e-03
2.267074581225349533e-03
3.121643380417011161e-03
2.445810134627109458e-03
2.420037170915846463e-03
3.030025233350679484e-03
2.370592658987228426e-03
2.346298647076301962e-03
2.315689898639828465e-03
3.901733228193415230e-03
2.271491594667815472e-03
2.853294041340290708e-03
2.450626079672952717e-03
2.420179056270884387e-03
2.401042923564603200e-03
3.008691631939273449e-03
2.344092327490424846e-03
3.069568008129210362e-03
2.916201089963596244e-03
2.890426198801655886e-03
2.853732892793045105e-03
2.231340692516330798e-03
2.432357668168642819e-03
2.401412228638592772e-03
3.013140209510501051e-03
2.351895494083551964e-03
2.380283609727911354e-03
2.927738224897982224e-03
2.279248832973720159e-03
2.269858963427892184e-03
2.238349493891195890e-03
2.207784742488820822e-03
2.413586235885375585e-03
2.973079204621627367e-03
2.358475931868444456e-03
2.249087830895047952e-03
2.315583706605392651e-03
2.901476999668798750e-03
2.261148405765640856e-03
2.841905503268478579e-03
2.212647791946510852e-03
2.196164655677366150e-03
3.031466441474831106e-03
2.370045750014297074e-03
2.339476076877199974e-03
2.948603171674539763e-03
2.291287344503607423e-03
2.270277642395448700e-03
2.854344177725135802e-03
2.819846903048167045e-03
2.196082344906708471e-03
2.743128430173919115e-03
