1.223377561899999932e+02,1.435873455999999848e+01,3.595590647000000217e+01
1.223377561899999932e+02,1.435873455999999848e+01,3.706701758111111644e+01
1.223377561899999932e+02,1.435873455999999848e+01,3.817812869222222361e+01
1.223377561899999932e+02,1.435873455999999848e+01,3.928923980333333787e+01
1.223377561899999932e+02,1.435873455999999848e+01,4.040035091444444504e+01
1.223377561899999932e+02,1.435873455999999848e+01,4.151146202555555931e+01
1.223377561899999932e+02,1.435873455999999848e+01,4.262257313666666647e+01
1.223377561899999932e+02,1.435873455999999848e+01,4.373368424777778074e+01
1.223377561899999932e+02,1.435873455999999848e+01,4.484479535888888790e+01
1.223377561899999932e+02,1.435873455999999848e+01,4.595590647000000217e+01
1.234488673011111075e+02,1.435873455999999848e+01,3.595590647000000217e+01
1.234488673011111075e+02,1.435873455999999848e+01,3.706701758111111644e+01
1.234488673011111075e+02,1.435873455999999848e+01,3.817812869222222361e+01
1.234488673011111075e+02,1.435873455999999848e+01,3.928923980333333787e+01
1.234488673011111075e+02,1.435873455999999848e+01,4.040035091444444504e+01
1.234488673011111075e+02,1.435873455999999848e+01,4.151146202555555931e+01
1.234488673011111075e+02,1.435873455999999848e+01,4.262257313666666647e+01
1.234488673011111075e+02,1.435873455999999848e+01,4.373368424777778074e+01
1.234488673011111075e+02,1.435873455999999848e+01,4.484479535888888790e+01
1.234488673011111075e+02,1.435873455999999848e+01,4.595590647000000217e+01
1.245599784122222218e+02,1.435873455999999848e+01,3.595590647000000217e+01
1.245599784122222218e+02,1.435873455999999848e+01,3.706701758111111644e+01
1.245599784122222218e+02,1.435873455999999848e+01,3.817812869222222361e+01
1.245599784122222218e+02,1.435873455999999848e+01,3.928923980333333787e+01
1.245599784122222218e+02,1.435873455999999848e+01,4.040035091444444504e+01
1.245599784122222218e+02,1.435873455999999848e+01,4.151146202555555931e+01
1.245599784122222218e+02,1.435873455999999848e+01,4.262257313666666647e+01
1.245599784122222218e+02,1.435873455999999848e+01,4.373368424777778074e+01
1.245599784122222218e+02,1.435873455999999848e+01,4.484479535888888790e+01
1.245599784122222218e+02,1.435873455999999848e+01,4.595590647000000217e+01
1.256710895233333218e+02,1.435873455999999848e+01,3.595590647000000217e+01
1.256710895233333218e+02,1.435873455999999848e+01,3.706701758111111644e+01
1.256710895233333218e+02,1.435873455999999848e+01,3.817812869222222361e+01
1.256710895233333218e+02,1.435873455999999848e+01,3.928923980333333787e+01
1.256710895233333218e+02,1.435873455999999848e+01,4.040035091444444504e+01
1.256710895233333218e+02,1.435873455999999848e+01,4.151146202555555931e+01
1.256710895233333218e+02,1.435873455999999848e+01,4.262257313666666647e+01
1.256710895233333218e+02,1.435873455999999848e+01,4.373368424777778074e+01
1.256710895233333218e+02,1.435873455999999848e+01,4.484479535888888790e+01
1.256710895233333218e+02,1.435873455999999848e+01,4.595590647000000217e+01
1.267822006344444361e+02,1.435873455999999848e+01,3.595590647000000217e+01
1.267822006344444361e+02,1.435873455999999848e+01,3.706701758111111644e+01
1.267822006344444361e+02,1.435873455999999848e+01,3.817812869222222361e+01
1.267822006344444361e+02,1.435873455999999848e+01,3.928923980333333787e+01
1.267822006344444361e+02,1.435873455999999848e+01,4.040035091444444504e+01
1.267822006344444361e+02,1.435873455999999848e+01,4.151146202555555931e+01
1.267822006344444361e+02,1.435873455999999848e+01,4.262257313666666647e+01
1.267822006344444361e+02,1.435873455999999848e+01,4.373368424777778074e+01
1.267822006344444361e+02,1.435873455999999848e+01,4.484479535888888790e+01
1.267822006344444361e+02,1.435873455999999848e+01,4.595590647000000217e+01
1.278933117455555504e+02,1.435873455999999848e+01,3.595590647000000217e+01
1.278933117455555504e+02,1.435873455999999848e+01,3.706701758111111644e+01
1.278933117455555504e+02,1.435873455999999848e+01,3.817812869222222361e+01
1.278933117455555504e+02,1.435873455999999848e+01,3.928923980333333787e+01
1.278933117455555504e+02,1.435873455999999848e+01,4.040035091444444504e+01
1.278933117455555504e+02,1.435873455999999848e+01,4.151146202555555931e+01
1.278933117455555504e+02,1.435873455999999848e+01,4.262257313666666647e+01
1.278933117455555504e+02,1.435873455999999848e+01,4.373368424777778074e+01
1.278933117455555504e+02,1.435873455999999848e+01,4.484479535888888790e+01
1.278933117455555504e+02,1.435873455999999848e+01,4.595590647000000217e+01
1.290044228566666504e+02,1.435873455999999848e+01,3.595590647000000217e+01
1.290044228566666504e+02,1.435873455999999848e+01,3.706701758111111644e+01
1.290044228566666504e+02,1.435873455999999848e+01,3.817812869222222361e+01
1.290044228566666504e+02,1.435873455999999848e+01,3.928923980333333787e+01
1.290044228566666504e+02,1.435873455999999848e+01,4.040035091444444504e+01
1.290044228566666504e+02,1.435873455999999848e+01,4.151146202555555931e+01
1.290044228566666504e+02,1.435873455999999848e+01,4.262257313666666647e+01
1.290044228566666504e+02,1.435873455999999848e+01,4.373368424777778074e+01
1.290044228566666504e+02,1.435873455999999848e+01,4.484479535888888790e+01
1.290044228566666504e+02,1.435873455999999848e+01,4.595590647000000217e+01
1.301155339677777647e+02,1.435873455999999848e+01,3.595590647000000217e+01
1.301155339677777647e+02,1.435873455999999848e+01,3.706701758111111644e+01
1.301155339677777647e+02,1.435873455999999848e+01,3.817812869222222361e+01
1.301155339677777647e+02,1.435873455999999848e+01,3.928923980333333787e+01
1.301155339677777647e+02,1.435873455999999848e+01,4.040035091444444504e+01
1.301155339677777647e+02,1.435873455999999848e+01,4.151146202555555931e+01
1.301155339677777647e+02,1.435873455999999848e+01,4.262257313666666647e+01
1.301155339677777647e+02,1.435873455999999848e+01,4.373368424777778074e+01
1.301155339677777647e+02,1.435873455999999848e+01,4.484479535888888790e+01
1.301155339677777647e+02,1.435873455999999848e+01,4.595590647000000217e+01
1.312266450788888790e+02,1.435873455999999848e+01,3.595590647000000217e+01
1.312266450788888790e+02,1.435873455999999848e+01,3.706701758111111644e+01
1.312266450788888790e+02,1.435873455999999848e+01,3.817812869222222361e+01
1.312266450788888790e+02,1.435873455999999848e+01,3.928923980333333787e+01
1.312266450788888790e+02,1.435873455999999848e+01,4.040035091444444504e+01
1.312266450788888790e+02,1.435873455999999848e+01,4.151146202555555931e+01
1.312266450788888790e+02,1.435873455999999848e+01,4.262257313666666647e+01
1.312266450788888790e+02,1.435873455999999848e+01,4.373368424777778074e+01
1.312266450788888790e+02,1.435873455999999848e+01,4.484479535888888790e+01
1.312266450788888790e+02,1.435873455999999848e+01,4.595590647000000217e+01
1.323377561899999932e+02,1.435873455999999848e+01,3.595590647000000217e+01
1.323377561899999932e+02,1.435873455999999848e+01,3.706701758111111644e+01
1.323377561899999932e+02,1.435873455999999848e+01,3.817812869222222361e+01
1.323377561899999932e+02,1.435873455999999848e+01,3.928923980333333787e+01
1.323377561899999932e+02,1.435873455999999848e+01,4.040035091444444504e+01
1.323377561899999932e+02,1.435873455999999848e+01,4.151146202555555931e+01
1.323377561899999932e+02,1.435873455999999848e+01,4.262257313666666647e+01
1.323377561899999932e+02,1.435873455999999848e+01,4.373368424777778074e+01
1.323377561899999932e+02,1.435873455999999848e+01,4.484479535888888790e+01
1.323377561899999932e+02,1.435873455999999848e+01,4.595590647000000217e+01
1.223377561899999932e+02,1.546984567111110920e+01,3.595590647000000217e+01
1.223377561899999932e+02,1.546984567111110920e+01,3.706701758111111644e+01
1.223377561899999932e+02,1.546984567111110920e+01,3.817812869222222361e+01
1.223377561899999932e+02,1.546984567111110920e+01,3.928923980333333787e+01
1.223377561899999932e+02,1.546984567111110920e+01,4.040035091444444504e+01
1.223377561899999932e+02,1.546984567111110920e+01,4.151146202555555931e+01
1.223377561899999932e+02,1.546984567111110920e+01,4.262257313666666647e+01
1.223377561899999932e+02,1.546984567111110920e+01,4.373368424777778074e+01
1.223377561899999932e+02,1.546984567111110920e+01,4.484479535888888790e+01
1.223377561899999932e+02,1.546984567111110920e+01,4.595590647000000217e+01
1.234488673011111075e+02,1.546984567111110920e+01,3.595590647000000217e+01
1.234488673011111075e+02,1.546984567111110920e+01,3.706701758111111644e+01
1.234488673011111075e+02,1.546984567111110920e+01,3.817812869222222361e+01
1.234488673011111075e+02,1.546984567111110920e+01,3.928923980333333787e+01
1.234488673011111075e+02,1.546984567111110920e+01,4.040035091444444504e+01
1.234488673011111075e+02,1.546984567111110920e+01,4.151146202555555931e+01
1.234488673011111075e+02,1.546984567111110920e+01,4.262257313666666647e+01
1.234488673011111075e+02,1.546984567111110920e+01,4.373368424777778074e+01
1.234488673011111075e+02,1.546984567111110920e+01,4.484479535888888790e+01
1.234488673011111075e+02,1.546984567111110920e+01,4.595590647000000217e+01
1.245599784122222218e+02,1.546984567111110920e+01,3.595590647000000217e+01
1.245599784122222218e+02,1.546984567111110920e+01,3.706701758111111644e+01
1.245599784122222218e+02,1.546984567111110920e+01,3.817812869222222361e+01
1.245599784122222218e+02,1.546984567111110920e+01,3.928923980333333787e+01
1.245599784122222218e+02,1.546984567111110920e+01,4.040035091444444504e+01
1.245599784122222218e+02,1.546984567111110920e+01,4.151146202555555931e+01
1.245599784122222218e+02,1.546984567111110920e+01,4.262257313666666647e+01
1.245599784122222218e+02,1.546984567111110920e+01,4.373368424777778074e+01
1.245599784122222218e+02,1.546984567111110920e+01,4.484479535888888790e+01
1.245599784122222218e+02,1.546984567111110920e+01,4.595590647000000217e+01
1.256710895233333218e+02,1.546984567111110920e+01,3.595590647000000217e+01
1.256710895233333218e+02,1.546984567111110920e+01,3.706701758111111644e+01
1.256710895233333218e+02,1.546984567111110920e+01,3.817812869222222361e+01
1.256710895233333218e+02,1.546984567111110920e+01,3.928923980333333787e+01
1.256710895233333218e+02,1.546984567111110920e+01,4.040035091444444504e+01
1.256710895233333218e+02,1.546984567111110920e+01,4.151146202555555931e+01
1.256710895233333218e+02,1.546984567111110920e+01,4.262257313666666647e+01
1.256710895233333218e+02,1.546984567111110920e+01,4.373368424777778074e+01
1.256710895233333218e+02,1.546984567111110920e+01,4.484479535888888790e+01
1.256710895233333218e+02,1.546984567111110920e+01,4.595590647000000217e+01
1.267822006344444361e+02,1.546984567111110920e+01,3.595590647000000217e+01
1.267822006344444361e+02,1.546984567111110920e+01,3.706701758111111644e+01
1.267822006344444361e+02,1.546984567111110920e+01,3.817812869222222361e+01
1.267822006344444361e+02,1.546984567111110920e+01,3.928923980333333787e+01
1.267822006344444361e+02,1.546984567111110920e+01,4.040035091444444504e+01
1.267822006344444361e+02,1.546984567111110920e+01,4.151146202555555931e+01
1.267822006344444361e+02,1.546984567111110920e+01,4.262257313666666647e+01
1.267822006344444361e+02,1.546984567111110920e+01,4.373368424777778074e+01
1.267822006344444361e+02,1.546984567111110920e+01,4.484479535888888790e+01
1.267822006344444361e+02,1.546984567111110920e+01,4.595590647000000217e+01
1.278933117455555504e+02,1.546984567111110920e+01,3.595590647000000217e+01
1.278933117455555504e+02,1.546984567111110920e+01,3.706701758111111644e+01
1.278933117455555504e+02,1.546984567111110920e+01,3.817812869222222361e+01
1.278933117455555504e+02,1.546984567111110920e+01,3.928923980333333787e+01
1.278933117455555504e+02,1.546984567111110920e+01,4.040035091444444504e+01
1.278933117455555504e+02,1.546984567111110920e+01,4.151146202555555931e+01
1.278933117455555504e+02,1.546984567111110920e+01,4.262257313666666647e+01
1.278933117455555504e+02,1.546984567111110920e+01,4.373368424777778074e+01
1.278933117455555504e+02,1.546984567111110920e+01,4.484479535888888790e+01
1.278933117455555504e+02,1.546984567111110920e+01,4.595590647000000217e+01
1.290044228566666504e+02,1.546984567111110920e+01,3.595590647000000217e+01
1.290044228566666504e+02,1.546984567111110920e+01,3.706701758111111644e+01
1.290044228566666504e+02,1.546984567111110920e+01,3.817812869222222361e+01
1.290044228566666504e+02,1.546984567111110920e+01,3.928923980333333787e+01
1.290044228566666504e+02,1.546984567111110920e+01,4.040035091444444504e+01
1.290044228566666504e+02,1.546984567111110920e+01,4.151146202555555931e+01
1.290044228566666504e+02,1.546984567111110920e+01,4.262257313666666647e+01
1.290044228566666504e+02,1.546984567111110920e+01,4.373368424777778074e+01
1.290044228566666504e+02,1.546984567111110920e+01,4.484479535888888790e+01
1.290044228566666504e+02,1.546984567111110920e+01,4.595590647000000217e+01
1.301155339677777647e+02,1.546984567111110920e+01,3.595590647000000217e+01
1.301155339677777647e+02,1.546984567111110920e+01,3.706701758111111644e+01
1.301155339677777647e+02,1.546984567111110920e+01,3.817812869222222361e+01
1.301155339677777647e+02,1.546984567111110920e+01,3.928923980333333787e+01
1.301155339677777647e+02,1.546984567111110920e+01,4.040035091444444504e+01
1.301155339677777647e+02,1.546984567111110920e+01,4.151146202555555931e+01
1.301155339677777647e+02,1.546984567111110920e+01,4.262257313666666647e+01
1.301155339677777647e+02,1.546984567111110920e+01,4.373368424777778074e+01
1.301155339677777647e+02,1.546984567111110920e+01,4.484479535888888790e+01
1.301155339677777647e+02,1.546984567111110920e+01,4.595590647000000217e+01
1.312266450788888790e+02,1.546984567111110920e+01,3.595590647000000217e+01
1.312266450788888790e+02,1.546984567111110920e+01,3.706701758111111644e+01
1.312266450788888790e+02,1.546984567111110920e+01,3.817812869222222361e+01
1.312266450788888790e+02,1.546984567111110920e+01,3.928923980333333787e+01
1.312266450788888790e+02,1.546984567111110920e+01,4.040035091444444504e+01
1.312266450788888790e+02,1.546984567111110920e+01,4.151146202555555931e+01
1.312266450788888790e+02,1.546984567111110920e+01,4.262257313666666647e+01
1.312266450788888790e+02,1.546984567111110920e+01,4.373368424777778074e+01
1.312266450788888790e+02,1.546984567111110920e+01,4.484479535888888790e+01
1.312266450788888790e+02,1.546984567111110920e+01,4.595590647000000217e+01
1.323377561899999932e+02,1.546984567111110920e+01,3.595590647000000217e+01
1.323377561899999932e+02,1.546984567111110920e+01,3.706701758111111644e+01
1.323377561899999932e+02,1.546984567111110920e+01,3.817812869222222361e+01
1.323377561899999932e+02,1.546984567111110920e+01,3.928923980333333787e+01
1.323377561899999932e+02,1.546984567111110920e+01,4.040035091444444504e+01
1.323377561899999932e+02,1.546984567111110920e+01,4.151146202555555931e+01
1.323377561899999932e+02,1.546984567111110920e+01,4.262257313666666647e+01
1.323377561899999932e+02,1.546984567111110920e+01,4.373368424777778074e+01
1.323377561899999932e+02,1.546984567111110920e+01,4.484479535888888790e+01
1.323377561899999932e+02,1.546984567111110920e+01,4.595590647000000217e+01
1.223377561899999932e+02,1.658095678222221991e+01,3.595590647000000217e+01
1.223377561899999932e+02,1.658095678222221991e+01,3.706701758111111644e+01
1.223377561899999932e+02,1.658095678222221991e+01,3.817812869222222361e+01
1.223377561899999932e+02,1.658095678222221991e+01,3.928923980333333787e+01
1.223377561899999932e+02,1.658095678222221991e+01,4.040035091444444504e+01
1.223377561899999932e+02,1.658095678222221991e+01,4.151146202555555931e+01
1.223377561899999932e+02,1.658095678222221991e+01,4.262257313666666647e+01
1.223377561899999932e+02,1.658095678222221991e+01,4.373368424777778074e+01
1.223377561899999932e+02,1.658095678222221991e+01,4.484479535888888790e+01
1.223377561899999932e+02,1.658095678222221991e+01,4.595590647000000217e+01
1.234488673011111075e+02,1.658095678222221991e+01,3.595590647000000217e+01
1.234488673011111075e+02,1.658095678222221991e+01,3.706701758111111644e+01
1.234488673011111075e+02,1.658095678222221991e+01,3.817812869222222361e+01
1.234488673011111075e+02,1.658095678222221991e+01,3.928923980333333787e+01
1.234488673011111075e+02,1.658095678222221991e+01,4.040035091444444504e+01
1.234488673011111075e+02,1.658095678222221991e+01,4.151146202555555931e+01
1.234488673011111075e+02,1.658095678222221991e+01,4.262257313666666647e+01
1.234488673011111075e+02,1.658095678222221991e+01,4.373368424777778074e+01
1.234488673011111075e+02,1.658095678222221991e+01,4.484479535888888790e+01
1.234488673011111075e+02,1.658095678222221991e+01,4.595590647000000217e+01
1.245599784122222218e+02,1.658095678222221991e+01,3.595590647000000217e+01
1.245599784122222218e+02,1.658095678222221991e+01,3.706701758111111644e+01
1.245599784122222218e+02,1.658095678222221991e+01,3.817812869222222361e+01
1.245599784122222218e+02,1.658095678222221991e+01,3.928923980333333787e+01
1.245599784122222218e+02,1.658095678222221991e+01,4.040035091444444504e+01
1.245599784122222218e+02,1.658095678222221991e+01,4.151146202555555931e+01
1.245599784122222218e+02,1.658095678222221991e+01,4.262257313666666647e+01
1.245599784122222218e+02,1.658095678222221991e+01,4.373368424777778074e+01
1.245599784122222218e+02,1.658095678222221991e+01,4.484479535888888790e+01
1.245599784122222218e+02,1.658095678222221991e+01,4.595590647000000217e+01
1.256710895233333218e+02,1.658095678222221991e+01,3.595590647000000217e+01
1.256710895233333218e+02,1.658095678222221991e+01,3.706701758111111644e+01
1.256710895233333218e+02,1.658095678222221991e+01,3.817812869222222361e+01
1.256710895233333218e+02,1.658095678222221991e+01,3.928923980333333787e+01
1.256710895233333218e+02,1.658095678222221991e+01,4.040035091444444504e+01
1.256710895233333218e+02,1.658095678222221991e+01,4.151146202555555931e+01
1.256710895233333218e+02,1.658095678222221991e+01,4.262257313666666647e+01
1.256710895233333218e+02,1.658095678222221991e+01,4.373368424777778074e+01
1.256710895233333218e+02,1.658095678222221991e+01,4.484479535888888790e+01
1.256710895233333218e+02,1.658095678222221991e+01,4.595590647000000217e+01
1.267822006344444361e+02,1.658095678222221991e+01,3.595590647000000217e+01
1.267822006344444361e+02,1.658095678222221991e+01,3.706701758111111644e+01
1.267822006344444361e+02,1.658095678222221991e+01,3.817812869222222361e+01
1.267822006344444361e+02,1.658095678222221991e+01,3.928923980333333787e+01
1.267822006344444361e+02,1.658095678222221991e+01,4.040035091444444504e+01
1.267822006344444361e+02,1.658095678222221991e+01,4.151146202555555931e+01
1.267822006344444361e+02,1.658095678222221991e+01,4.262257313666666647e+01
1.267822006344444361e+02,1.658095678222221991e+01,4.373368424777778074e+01
1.267822006344444361e+02,1.658095678222221991e+01,4.484479535888888790e+01
1.267822006344444361e+02,1.658095678222221991e+01,4.595590647000000217e+01
1.278933117455555504e+02,1.658095678222221991e+01,3.595590647000000217e+01
1.278933117455555504e+02,1.658095678222221991e+01,3.706701758111111644e+01
1.278933117455555504e+02,1.658095678222221991e+01,3.817812869222222361e+01
1.278933117455555504e+02,1.658095678222221991e+01,3.928923980333333787e+01
1.278933117455555504e+02,1.658095678222221991e+01,4.040035091444444504e+01
1.278933117455555504e+02,1.658095678222221991e+01,4.151146202555555931e+01
1.278933117455555504e+02,1.658095678222221991e+01,4.262257313666666647e+01
1.278933117455555504e+02,1.658095678222221991e+01,4.373368424777778074e+01
1.278933117455555504e+02,1.658095678222221991e+01,4.484479535888888790e+01
1.278933117455555504e+02,1.658095678222221991e+01,4.595590647000000217e+01
1.290044228566666504e+02,1.658095678222221991e+01,3.595590647000000217e+01
1.290044228566666504e+02,1.658095678222221991e+01,3.706701758111111644e+01
1.290044228566666504e+02,1.658095678222221991e+01,3.817812869222222361e+01
1.290044228566666504e+02,1.658095678222221991e+01,3.928923980333333787e+01
1.290044228566666504e+02,1.658095678222221991e+01,4.040035091444444504e+01
1.290044228566666504e+02,1.658095678222221991e+01,4.151146202555555931e+01
1.290044228566666504e+02,1.658095678222221991e+01,4.262257313666666647e+01
1.290044228566666504e+02,1.658095678222221991e+01,4.373368424777778074e+01
1.290044228566666504e+02,1.658095678222221991e+01,4.484479535888888790e+01
1.290044228566666504e+02,1.658095678222221991e+01,4.595590647000000217e+01
1.301155339677777647e+02,1.658095678222221991e+01,3.595590647000000217e+01
1.301155339677777647e+02,1.658095678222221991e+01,3.706701758111111644e+01
1.301155339677777647e+02,1.658095678222221991e+01,3.817812869222222361e+01
1.301155339677777647e+02,1.658095678222221991e+01,3.928923980333333787e+01
1.301155339677777647e+02,1.658095678222221991e+01,4.040035091444444504e+01
1.301155339677777647e+02,1.658095678222221991e+01,4.151146202555555931e+01
1.301155339677777647e+02,1.658095678222221991e+01,4.262257313666666647e+01
1.301155339677777647e+02,1.658095678222221991e+01,4.373368424777778074e+01
1.301155339677777647e+02,1.658095678222221991e+01,4.484479535888888790e+01
1.301155339677777647e+02,1.658095678222221991e+01,4.595590647000000217e+01
1.312266450788888790e+02,1.658095678222221991e+01,3.595590647000000217e+01
1.312266450788888790e+02,1.658095678222221991e+01,3.706701758111111644e+01
1.312266450788888790e+02,1.658095678222221991e+01,3.817812869222222361e+01
1.312266450788888790e+02,1.658095678222221991e+01,3.928923980333333787e+01
1.312266450788888790e+02,1.658095678222221991e+01,4.040035091444444504e+01
1.312266450788888790e+02,1.658095678222221991e+01,4.151146202555555931e+01
1.312266450788888790e+02,1.658095678222221991e+01,4.262257313666666647e+01
1.312266450788888790e+02,1.658095678222221991e+01,4.373368424777778074e+01
1.312266450788888790e+02,1.658095678222221991e+01,4.484479535888888790e+01
1.312266450788888790e+02,1.658095678222221991e+01,4.595590647000000217e+01
1.323377561899999932e+02,1.658095678222221991e+01,3.595590647000000217e+01
1.323377561899999932e+02,1.658095678222221991e+01,3.706701758111111644e+01
1.323377561899999932e+02,1.658095678222221991e+01,3.817812869222222361e+01
1.323377561899999932e+02,1.658095678222221991e+01,3.928923980333333787e+01
1.323377561899999932e+02,1.658095678222221991e+01,4.040035091444444504e+01
1.323377561899999932e+02,1.658095678222221991e+01,4.151146202555555931e+01
1.323377561899999932e+02,1.658095678222221991e+01,4.262257313666666647e+01
1.323377561899999932e+02,1.658095678222221991e+01,4.373368424777778074e+01
1.323377561899999932e+02,1.658095678222221991e+01,4.484479535888888790e+01
1.323377561899999932e+02,1.658095678222221991e+01,4.595590647000000217e+01
1.223377561899999932e+02,1.769206789333333063e+01,3.595590647000000217e+01
1.223377561899999932e+02,1.769206789333333063e+01,3.706701758111111644e+01
1.223377561899999932e+02,1.769206789333333063e+01,3.817812869222222361e+01
1.223377561899999932e+02,1.769206789333333063e+01,3.928923980333333787e+01
1.223377561899999932e+02,1.769206789333333063e+01,4.040035091444444504e+01
1.223377561899999932e+02,1.769206789333333063e+01,4.151146202555555931e+01
1.223377561899999932e+02,1.769206789333333063e+01,4.262257313666666647e+01
1.223377561899999932e+02,1.769206789333333063e+01,4.373368424777778074e+01
1.223377561899999932e+02,1.769206789333333063e+01,4.484479535888888790e+01
1.223377561899999932e+02,1.769206789333333063e+01,4.595590647000000217e+01
1.234488673011111075e+02,1.769206789333333063e+01,3.595590647000000217e+01
1.234488673011111075e+02,1.769206789333333063e+01,3.706701758111111644e+01
1.234488673011111075e+02,1.769206789333333063e+01,3.817812869222222361e+01
1.234488673011111075e+02,1.769206789333333063e+01,3.928923980333333787e+01
1.234488673011111075e+02,1.769206789333333063e+01,4.040035091444444504e+01
1.234488673011111075e+02,1.769206789333333063e+01,4.151146202555555931e+01
1.234488673011111075e+02,1.769206789333333063e+01,4.262257313666666647e+01
1.234488673011111075e+02,1.769206789333333063e+01,4.373368424777778074e+01
1.234488673011111075e+02,1.769206789333333063e+01,4.484479535888888790e+01
1.234488673011111075e+02,1.769206789333333063e+01,4.595590647000000217e+01
1.245599784122222218e+02,1.769206789333333063e+01,3.595590647000000217e+01
1.245599784122222218e+02,1.769206789333333063e+01,3.706701758111111644e+01
1.245599784122222218e+02,1.769206789333333063e+01,3.817812869222222361e+01
1.245599784122222218e+02,1.769206789333333063e+01,3.928923980333333787e+01
1.245599784122222218e+02,1.769206789333333063e+01,4.040035091444444504e+01
1.245599784122222218e+02,1.769206789333333063e+01,4.151146202555555931e+01
1.245599784122222218e+02,1.769206789333333063e+01,4.262257313666666647e+01
1.245599784122222218e+02,1.769206789333333063e+01,4.373368424777778074e+01
1.245599784122222218e+02,1.769206789333333063e+01,4.484479535888888790e+01
1.245599784122222218e+02,1.769206789333333063e+01,4.595590647000000217e+01
1.256710895233333218e+02,1.769206789333333063e+01,3.595590647000000217e+01
1.256710895233333218e+02,1.769206789333333063e+01,3.706701758111111644e+01
1.256710895233333218e+02,1.769206789333333063e+01,3.817812869222222361e+01
1.256710895233333218e+02,1.769206789333333063e+01,3.928923980333333787e+01
1.256710895233333218e+02,1.769206789333333063e+01,4.040035091444444504e+01
1.256710895233333218e+02,1.769206789333333063e+01,4.151146202555555931e+01
1.256710895233333218e+02,1.769206789333333063e+01,4.262257313666666647e+01
1.256710895233333218e+02,1.769206789333333063e+01,4.373368424777778074e+01
1.256710895233333218e+02,1.769206789333333063e+01,4.484479535888888790e+01
1.256710895233333218e+02,1.769206789333333063e+01,4.595590647000000217e+01
1.267822006344444361e+02,1.769206789333333063e+01,3.595590647000000217e+01
1.267822006344444361e+02,1.769206789333333063e+01,3.706701758111111644e+01
1.267822006344444361e+02,1.769206789333333063e+01,3.817812869222222361e+01
1.267822006344444361e+02,1.769206789333333063e+01,3.928923980333333787e+01
1.267822006344444361e+02,1.769206789333333063e+01,4.040035091444444504e+01
1.267822006344444361e+02,1.769206789333333063e+01,4.151146202555555931e+01
1.267822006344444361e+02,1.769206789333333063e+01,4.262257313666666647e+01
1.267822006344444361e+02,1.769206789333333063e+01,4.373368424777778074e+01
1.267822006344444361e+02,1.769206789333333063e+01,4.484479535888888790e+01
1.267822006344444361e+02,1.769206789333333063e+01,4.595590647000000217e+01
1.278933117455555504e+02,1.769206789333333063e+01,3.595590647000000217e+01
1.278933117455555504e+02,1.769206789333333063e+01,3.706701758111111644e+01
1.278933117455555504e+02,1.769206789333333063e+01,3.817812869222222361e+01
1.278933117455555504e+02,1.769206789333333063e+01,3.928923980333333787e+01
1.278933117455555504e+02,1.769206789333333063e+01,4.040035091444444504e+01
1.278933117455555504e+02,1.769206789333333063e+01,4.151146202555555931e+01
1.278933117455555504e+02,1.769206789333333063e+01,4.262257313666666647e+01
1.278933117455555504e+02,1.769206789333333063e+01,4.373368424777778074e+01
1.278933117455555504e+02,1.769206789333333063e+01,4.484479535888888790e+01
1.278933117455555504e+02,1.769206789333333063e+01,4.595590647000000217e+01
1.290044228566666504e+02,1.769206789333333063e+01,3.595590647000000217e+01
1.290044228566666504e+02,1.769206789333333063e+01,3.706701758111111644e+01
1.290044228566666504e+02,1.769206789333333063e+01,3.817812869222222361e+01
1.290044228566666504e+02,1.769206789333333063e+01,3.928923980333333787e+01
1.290044228566666504e+02,1.769206789333333063e+01,4.040035091444444504e+01
1.290044228566666504e+02,1.769206789333333063e+01,4.151146202555555931e+01
1.290044228566666504e+02,1.769206789333333063e+01,4.262257313666666647e+01
1.290044228566666504e+02,1.769206789333333063e+01,4.373368424777778074e+01
1.290044228566666504e+02,1.769206789333333063e+01,4.484479535888888790e+01
1.290044228566666504e+02,1.769206789333333063e+01,4.595590647000000217e+01
1.301155339677777647e+02,1.769206789333333063e+01,3.595590647000000217e+01
1.301155339677777647e+02,1.769206789333333063e+01,3.706701758111111644e+01
1.301155339677777647e+02,1.769206789333333063e+01,3.817812869222222361e+01
1.301155339677777647e+02,1.769206789333333063e+01,3.928923980333333787e+01
1.301155339677777647e+02,1.769206789333333063e+01,4.040035091444444504e+01
1.301155339677777647e+02,1.769206789333333063e+01,4.151146202555555931e+01
1.301155339677777647e+02,1.769206789333333063e+01,4.262257313666666647e+01
1.301155339677777647e+02,1.769206789333333063e+01,4.373368424777778074e+01
1.301155339677777647e+02,1.769206789333333063e+01,4.484479535888888790e+01
1.301155339677777647e+02,1.769206789333333063e+01,4.595590647000000217e+01
1.312266450788888790e+02,1.769206789333333063e+01,3.595590647000000217e+01
1.312266450788888790e+02,1.769206789333333063e+01,3.706701758111111644e+01
1.312266450788888790e+02,1.769206789333333063e+01,3.817812869222222361e+01
1.312266450788888790e+02,1.769206789333333063e+01,3.928923980333333787e+01
1.312266450788888790e+02,1.769206789333333063e+01,4.040035091444444504e+01
1.312266450788888790e+02,1.769206789333333063e+01,4.151146202555555931e+01
1.312266450788888790e+02,1.769206789333333063e+01,4.262257313666666647e+01
1.312266450788888790e+02,1.769206789333333063e+01,4.373368424777778074e+01
1.312266450788888790e+02,1.769206789333333063e+01,4.484479535888888790e+01
1.312266450788888790e+02,1.769206789333333063e+01,4.595590647000000217e+01
1.323377561899999932e+02,1.769206789333333063e+01,3.595590647000000217e+01
1.323377561899999932e+02,1.769206789333333063e+01,3.706701758111111644e+01
1.323377561899999932e+02,1.769206789333333063e+01,3.817812869222222361e+01
1.323377561899999932e+02,1.769206789333333063e+01,3.928923980333333787e+01
1.323377561899999932e+02,1.769206789333333063e+01,4.040035091444444504e+01
1.323377561899999932e+02,1.769206789333333063e+01,4.151146202555555931e+01
1.323377561899999932e+02,1.769206789333333063e+01,4.262257313666666647e+01
1.323377561899999932e+02,1.769206789333333063e+01,4.373368424777778074e+01
1.323377561899999932e+02,1.769206789333333063e+01,4.484479535888888790e+01
1.323377561899999932e+02,1.769206789333333063e+01,4.595590647000000217e+01
1.223377561899999932e+02,1.880317900444444490e+01,3.595590647000000217e+01
1.223377561899999932e+02,1.880317900444444490e+01,3.706701758111111644e+01
1.223377561899999932e+02,1.880317900444444490e+01,3.817812869222222361e+01
1.223377561899999932e+02,1.880317900444444490e+01,3.928923980333333787e+01
1.223377561899999932e+02,1.880317900444444490e+01,4.040035091444444504e+01
1.223377561899999932e+02,1.880317900444444490e+01,4.151146202555555931e+01
1.223377561899999932e+02,1.880317900444444490e+01,4.262257313666666647e+01
1.223377561899999932e+02,1.880317900444444490e+01,4.373368424777778074e+01
1.223377561899999932e+02,1.880317900444444490e+01,4.484479535888888790e+01
1.223377561899999932e+02,1.880317900444444490e+01,4.595590647000000217e+01
1.234488673011111075e+02,1.880317900444444490e+01,3.595590647000000217e+01
1.234488673011111075e+02,1.880317900444444490e+01,3.706701758111111644e+01
1.234488673011111075e+02,1.880317900444444490e+01,3.817812869222222361e+01
1.234488673011111075e+02,1.880317900444444490e+01,3.928923980333333787e+01
1.234488673011111075e+02,1.880317900444444490e+01,4.040035091444444504e+01
1.234488673011111075e+02,1.880317900444444490e+01,4.151146202555555931e+01
1.234488673011111075e+02,1.880317900444444490e+01,4.262257313666666647e+01
1.234488673011111075e+02,1.880317900444444490e+01,4.373368424777778074e+01
1.234488673011111075e+02,1.880317900444444490e+01,4.484479535888888790e+01
1.234488673011111075e+02,1.880317900444444490e+01,4.595590647000000217e+01
1.245599784122222218e+02,1.880317900444444490e+01,3.595590647000000217e+01
1.245599784122222218e+02,1.880317900444444490e+01,3.706701758111111644e+01
1.245599784122222218e+02,1.880317900444444490e+01,3.817812869222222361e+01
1.245599784122222218e+02,1.880317900444444490e+01,3.928923980333333787e+01
1.245599784122222218e+02,1.880317900444444490e+01,4.040035091444444504e+01
1.245599784122222218e+02,1.880317900444444490e+01,4.151146202555555931e+01
1.245599784122222218e+02,1.880317900444444490e+01,4.262257313666666647e+01
1.245599784122222218e+02,1.880317900444444490e+01,4.373368424777778074e+01
1.245599784122222218e+02,1.880317900444444490e+01,4.484479535888888790e+01
1.245599784122222218e+02,1.880317900444444490e+01,4.595590647000000217e+01
1.256710895233333218e+02,1.880317900444444490e+01,3.595590647000000217e+01
1.256710895233333218e+02,1.880317900444444490e+01,3.706701758111111644e+01
1.256710895233333218e+02,1.880317900444444490e+01,3.817812869222222361e+01
1.256710895233333218e+02,1.880317900444444490e+01,3.928923980333333787e+01
1.256710895233333218e+02,1.880317900444444490e+01,4.040035091444444504e+01
1.256710895233333218e+02,1.880317900444444490e+01,4.151146202555555931e+01
1.256710895233333218e+02,1.880317900444444490e+01,4.262257313666666647e+01
1.256710895233333218e+02,1.880317900444444490e+01,4.373368424777778074e+01
1.256710895233333218e+02,1.880317900444444490e+01,4.484479535888888790e+01
1.256710895233333218e+02,1.880317900444444490e+01,4.595590647000000217e+01
1.267822006344444361e+02,1.880317900444444490e+01,3.595590647000000217e+01
1.267822006344444361e+02,1.880317900444444490e+01,3.706701758111111644e+01
1.267822006344444361e+02,1.880317900444444490e+01,3.817812869222222361e+01
1.267822006344444361e+02,1.880317900444444490e+01,3.928923980333333787e+01
1.267822006344444361e+02,1.880317900444444490e+01,4.040035091444444504e+01
1.267822006344444361e+02,1.880317900444444490e+01,4.151146202555555931e+01
1.267822006344444361e+02,1.880317900444444490e+01,4.262257313666666647e+01
1.267822006344444361e+02,1.880317900444444490e+01,4.373368424777778074e+01
1.267822006344444361e+02,1.880317900444444490e+01,4.484479535888888790e+01
1.267822006344444361e+02,1.880317900444444490e+01,4.595590647000000217e+01
1.278933117455555504e+02,1.880317900444444490e+01,3.595590647000000217e+01
1.278933117455555504e+02,1.880317900444444490e+01,3.706701758111111644e+01
1.278933117455555504e+02,1.880317900444444490e+01,3.817812869222222361e+01
1.278933117455555504e+02,1.880317900444444490e+01,3.928923980333333787e+01
1.278933117455555504e+02,1.880317900444444490e+01,4.040035091444444504e+01
1.278933117455555504e+02,1.880317900444444490e+01,4.151146202555555931e+01
1.278933117455555504e+02,1.880317900444444490e+01,4.262257313666666647e+01
1.278933117455555504e+02,1.880317900444444490e+01,4.373368424777778074e+01
1.278933117455555504e+02,1.880317900444444490e+01,4.484479535888888790e+01
1.278933117455555504e+02,1.880317900444444490e+01,4.595590647000000217e+01
1.290044228566666504e+02,1.880317900444444490e+01,3.595590647000000217e+01
1.290044228566666504e+02,1.880317900444444490e+01,3.706701758111111644e+01
1.290044228566666504e+02,1.880317900444444490e+01,3.817812869222222361e+01
1.290044228566666504e+02,1.880317900444444490e+01,3.928923980333333787e+01
1.290044228566666504e+02,1.880317900444444490e+01,4.040035091444444504e+01
1.290044228566666504e+02,1.880317900444444490e+01,4.151146202555555931e+01
1.290044228566666504e+02,1.880317900444444490e+01,4.262257313666666647e+01
1.290044228566666504e+02,1.880317900444444490e+01,4.373368424777778074e+01
1.290044228566666504e+02,1.880317900444444490e+01,4.484479535888888790e+01
1.290044228566666504e+02,1.880317900444444490e+01,4.595590647000000217e+01
1.301155339677777647e+02,1.880317900444444490e+01,3.595590647000000217e+01
1.301155339677777647e+02,1.880317900444444490e+01,3.706701758111111644e+01
1.301155339677777647e+02,1.880317900444444490e+01,3.817812869222222361e+01
1.301155339677777647e+02,1.880317900444444490e+01,3.928923980333333787e+01
1.301155339677777647e+02,1.880317900444444490e+01,4.040035091444444504e+01
1.301155339677777647e+02,1.880317900444444490e+01,4.151146202555555931e+01
1.301155339677777647e+02,1.880317900444444490e+01,4.262257313666666647e+01
1.301155339677777647e+02,1.880317900444444490e+01,4.373368424777778074e+01
1.301155339677777647e+02,1.880317900444444490e+01,4.484479535888888790e+01
1.301155339677777647e+02,1.880317900444444490e+01,4.595590647000000217e+01
1.312266450788888790e+02,1.880317900444444490e+01,3.595590647000000217e+01
1.312266450788888790e+02,1.880317900444444490e+01,3.706701758111111644e+01
1.312266450788888790e+02,1.880317900444444490e+01,3.817812869222222361e+01
1.312266450788888790e+02,1.880317900444444490e+01,3.928923980333333787e+01
1.312266450788888790e+02,1.880317900444444490e+01,4.040035091444444504e+01
1.312266450788888790e+02,1.880317900444444490e+01,4.151146202555555931e+01
1.312266450788888790e+02,1.880317900444444490e+01,4.262257313666666647e+01
1.312266450788888790e+02,1.880317900444444490e+01,4.373368424777778074e+01
1.312266450788888790e+02,1.880317900444444490e+01,4.484479535888888790e+01
1.312266450788888790e+02,1.880317900444444490e+01,4.595590647000000217e+01
1.323377561899999932e+02,1.880317900444444490e+01,3.595590647000000217e+01
1.323377561899999932e+02,1.880317900444444490e+01,3.706701758111111644e+01
1.323377561899999932e+02,1.880317900444444490e+01,3.817812869222222361e+01
1.323377561899999932e+02,1.880317900444444490e+01,3.928923980333333787e+01
1.323377561899999932e+02,1.880317900444444490e+01,4.040035091444444504e+01
1.323377561899999932e+02,1.880317900444444490e+01,4.151146202555555931e+01
1.323377561899999932e+02,1.880317900444444490e+01,4.262257313666666647e+01
1.323377561899999932e+02,1.880317900444444490e+01,4.373368424777778074e+01
1.323377561899999932e+02,1.880317900444444490e+01,4.484479535888888790e+01
1.323377561899999932e+02,1.880317900444444490e+01,4.595590647000000217e+01
1.223377561899999932e+02,1.991429011555555206e+01,3.595590647000000217e+01
1.223377561899999932e+02,1.991429011555555206e+01,3.706701758111111644e+01
1.223377561899999932e+02,1.991429011555555206e+01,3.817812869222222361e+01
1.223377561899999932e+02,1.991429011555555206e+01,3.928923980333333787e+01
1.223377561899999932e+02,1.991429011555555206e+01,4.040035091444444504e+01
1.223377561899999932e+02,1.991429011555555206e+01,4.151146202555555931e+01
1.223377561899999932e+02,1.991429011555555206e+01,4.262257313666666647e+01
1.223377561899999932e+02,1.991429011555555206e+01,4.373368424777778074e+01
1.223377561899999932e+02,1.991429011555555206e+01,4.484479535888888790e+01
1.223377561899999932e+02,1.991429011555555206e+01,4.595590647000000217e+01
1.234488673011111075e+02,1.991429011555555206e+01,3.595590647000000217e+01
1.234488673011111075e+02,1.991429011555555206e+01,3.706701758111111644e+01
1.234488673011111075e+02,1.991429011555555206e+01,3.817812869222222361e+01
1.234488673011111075e+02,1.991429011555555206e+01,3.928923980333333787e+01
1.234488673011111075e+02,1.991429011555555206e+01,4.040035091444444504e+01
1.234488673011111075e+02,1.991429011555555206e+01,4.151146202555555931e+01
1.234488673011111075e+02,1.991429011555555206e+01,4.262257313666666647e+01
1.234488673011111075e+02,1.991429011555555206e+01,4.373368424777778074e+01
1.234488673011111075e+02,1.991429011555555206e+01,4.484479535888888790e+01
1.234488673011111075e+02,1.991429011555555206e+01,4.595590647000000217e+01
1.245599784122222218e+02,1.991429011555555206e+01,3.595590647000000217e+01
1.245599784122222218e+02,1.991429011555555206e+01,3.706701758111111644e+01
1.245599784122222218e+02,1.991429011555555206e+01,3.817812869222222361e+01
1.245599784122222218e+02,1.991429011555555206e+01,3.928923980333333787e+01
1.245599784122222218e+02,1.991429011555555206e+01,4.040035091444444504e+01
1.245599784122222218e+02,1.991429011555555206e+01,4.151146202555555931e+01
1.245599784122222218e+02,1.991429011555555206e+01,4.262257313666666647e+01
1.245599784122222218e+02,1.991429011555555206e+01,4.373368424777778074e+01
1.245599784122222218e+02,1.991429011555555206e+01,4.484479535888888790e+01
1.245599784122222218e+02,1.991429011555555206e+01,4.595590647000000217e+01
1.256710895233333218e+02,1.991429011555555206e+01,3.595590647000000217e+01
1.256710895233333218e+02,1.991429011555555206e+01,3.706701758111111644e+01
1.256710895233333218e+02,1.991429011555555206e+01,3.817812869222222361e+01
1.256710895233333218e+02,1.991429011555555206e+01,3.928923980333333787e+01
1.256710895233333218e+02,1.991429011555555206e+01,4.040035091444444504e+01
1.256710895233333218e+02,1.991429011555555206e+01,4.151146202555555931e+01
1.256710895233333218e+02,1.991429011555555206e+01,4.262257313666666647e+01
1.256710895233333218e+02,1.991429011555555206e+01,4.373368424777778074e+01
1.256710895233333218e+02,1.991429011555555206e+01,4.484479535888888790e+01
1.256710895233333218e+02,1.991429011555555206e+01,4.595590647000000217e+01
1.267822006344444361e+02,1.991429011555555206e+01,3.595590647000000217e+01
1.267822006344444361e+02,1.991429011555555206e+01,3.706701758111111644e+01
1.267822006344444361e+02,1.991429011555555206e+01,3.817812869222222361e+01
1.267822006344444361e+02,1.991429011555555206e+01,3.928923980333333787e+01
1.267822006344444361e+02,1.991429011555555206e+01,4.040035091444444504e+01
1.267822006344444361e+02,1.991429011555555206e+01,4.151146202555555931e+01
1.267822006344444361e+02,1.991429011555555206e+01,4.262257313666666647e+01
1.267822006344444361e+02,1.991429011555555206e+01,4.373368424777778074e+01
1.267822006344444361e+02,1.991429011555555206e+01,4.484479535888888790e+01
1.267822006344444361e+02,1.991429011555555206e+01,4.595590647000000217e+01
1.278933117455555504e+02,1.991429011555555206e+01,3.595590647000000217e+01
1.278933117455555504e+02,1.991429011555555206e+01,3.706701758111111644e+01
1.278933117455555504e+02,1.991429011555555206e+01,3.817812869222222361e+01
1.278933117455555504e+02,1.991429011555555206e+01,3.928923980333333787e+01
1.278933117455555504e+02,1.991429011555555206e+01,4.040035091444444504e+01
1.278933117455555504e+02,1.991429011555555206e+01,4.151146202555555931e+01
1.278933117455555504e+02,1.991429011555555206e+01,4.262257313666666647e+01
1.278933117455555504e+02,1.991429011555555206e+01,4.373368424777778074e+01
1.278933117455555504e+02,1.991429011555555206e+01,4.484479535888888790e+01
1.278933117455555504e+02,1.991429011555555206e+01,4.595590647000000217e+01
1.290044228566666504e+02,1.991429011555555206e+01,3.595590647000000217e+01
1.290044228566666504e+02,1.991429011555555206e+01,3.706701758111111644e+01
1.290044228566666504e+02,1.991429011555555206e+01,3.817812869222222361e+01
1.290044228566666504e+02,1.991429011555555206e+01,3.928923980333333787e+01
1.290044228566666504e+02,1.991429011555555206e+01,4.040035091444444504e+01
1.290044228566666504e+02,1.991429011555555206e+01,4.151146202555555931e+01
1.290044228566666504e+02,1.991429011555555206e+01,4.262257313666666647e+01
1.290044228566666504e+02,1.991429011555555206e+01,4.373368424777778074e+01
1.290044228566666504e+02,1.991429011555555206e+01,4.484479535888888790e+01
1.290044228566666504e+02,1.991429011555555206e+01,4.595590647000000217e+01
1.301155339677777647e+02,1.991429011555555206e+01,3.595590647000000217e+01
1.301155339677777647e+02,1.991429011555555206e+01,3.706701758111111644e+01
1.301155339677777647e+02,1.991429011555555206e+01,3.817812869222222361e+01
1.301155339677777647e+02,1.991429011555555206e+01,3.928923980333333787e+01
1.301155339677777647e+02,1.991429011555555206e+01,4.040035091444444504e+01
1.301155339677777647e+02,1.991429011555555206e+01,4.151146202555555931e+01
1.301155339677777647e+02,1.991429011555555206e+01,4.262257313666666647e+01
1.301155339677777647e+02,1.991429011555555206e+01,4.373368424777778074e+01
1.301155339677777647e+02,1.991429011555555206e+01,4.484479535888888790e+01
1.301155339677777647e+02,1.991429011555555206e+01,4.595590647000000217e+01
1.312266450788888790e+02,1.991429011555555206e+01,3.595590647000000217e+01
1.312266450788888790e+02,1.991429011555555206e+01,3.706701758111111644e+01
1.312266450788888790e+02,1.991429011555555206e+01,3.817812869222222361e+01
1.312266450788888790e+02,1.991429011555555206e+01,3.928923980333333787e+01
1.312266450788888790e+02,1.991429011555555206e+01,4.040035091444444504e+01
1.312266450788888790e+02,1.991429011555555206e+01,4.151146202555555931e+01
1.312266450788888790e+02,1.991429011555555206e+01,4.262257313666666647e+01
1.312266450788888790e+02,1.991429011555555206e+01,4.373368424777778074e+01
1.312266450788888790e+02,1.991429011555555206e+01,4.484479535888888790e+01
1.312266450788888790e+02,1.991429011555555206e+01,4.595590647000000217e+01
1.323377561899999932e+02,1.991429011555555206e+01,3.595590647000000217e+01
1.323377561899999932e+02,1.991429011555555206e+01,3.706701758111111644e+01
1.323377561899999932e+02,1.991429011555555206e+01,3.817812869222222361e+01
1.323377561899999932e+02,1.991429011555555206e+01,3.928923980333333787e+01
1.323377561899999932e+02,1.991429011555555206e+01,4.040035091444444504e+01
1.323377561899999932e+02,1.991429011555555206e+01,4.151146202555555931e+01
1.323377561899999932e+02,1.991429011555555206e+01,4.262257313666666647e+01
1.323377561899999932e+02,1.991429011555555206e+01,4.373368424777778074e+01
1.323377561899999932e+02,1.991429011555555206e+01,4.484479535888888790e+01
1.323377561899999932e+02,1.991429011555555206e+01,4.595590647000000217e+01
1.223377561899999932e+02,2.102540122666666633e+01,3.595590647000000217e+01
1.223377561899999932e+02,2.102540122666666633e+01,3.706701758111111644e+01
1.223377561899999932e+02,2.102540122666666633e+01,3.817812869222222361e+01
1.223377561899999932e+02,2.102540122666666633e+01,3.928923980333333787e+01
1.223377561899999932e+02,2.102540122666666633e+01,4.040035091444444504e+01
1.223377561899999932e+02,2.102540122666666633e+01,4.151146202555555931e+01
1.223377561899999932e+02,2.102540122666666633e+01,4.262257313666666647e+01
1.223377561899999932e+02,2.102540122666666633e+01,4.373368424777778074e+01
1.223377561899999932e+02,2.102540122666666633e+01,4.484479535888888790e+01
1.223377561899999932e+02,2.102540122666666633e+01,4.595590647000000217e+01
1.234488673011111075e+02,2.102540122666666633e+01,3.595590647000000217e+01
1.234488673011111075e+02,2.102540122666666633e+01,3.706701758111111644e+01
1.234488673011111075e+02,2.102540122666666633e+01,3.817812869222222361e+01
1.234488673011111075e+02,2.102540122666666633e+01,3.928923980333333787e+01
1.234488673011111075e+02,2.102540122666666633e+01,4.040035091444444504e+01
1.234488673011111075e+02,2.102540122666666633e+01,4.151146202555555931e+01
1.234488673011111075e+02,2.102540122666666633e+01,4.262257313666666647e+01
1.234488673011111075e+02,2.102540122666666633e+01,4.373368424777778074e+01
1.234488673011111075e+02,2.102540122666666633e+01,4.484479535888888790e+01
1.234488673011111075e+02,2.102540122666666633e+01,4.595590647000000217e+01
1.245599784122222218e+02,2.102540122666666633e+01,3.595590647000000217e+01
1.245599784122222218e+02,2.102540122666666633e+01,3.706701758111111644e+01
1.245599784122222218e+02,2.102540122666666633e+01,3.817812869222222361e+01
1.245599784122222218e+02,2.102540122666666633e+01,3.928923980333333787e+01
1.245599784122222218e+02,2.102540122666666633e+01,4.040035091444444504e+01
1.245599784122222218e+02,2.102540122666666633e+01,4.151146202555555931e+01
1.245599784122222218e+02,2.102540122666666633e+01,4.262257313666666647e+01
1.245599784122222218e+02,2.102540122666666633e+01,4.373368424777778074e+01
1.245599784122222218e+02,2.102540122666666633e+01,4.484479535888888790e+01
1.245599784122222218e+02,2.102540122666666633e+01,4.595590647000000217e+01
1.256710895233333218e+02,2.102540122666666633e+01,3.595590647000000217e+01
1.256710895233333218e+02,2.102540122666666633e+01,3.706701758111111644e+01
1.256710895233333218e+02,2.102540122666666633e+01,3.817812869222222361e+01
1.256710895233333218e+02,2.102540122666666633e+01,3.928923980333333787e+01
1.256710895233333218e+02,2.102540122666666633e+01,4.040035091444444504e+01
1.256710895233333218e+02,2.102540122666666633e+01,4.151146202555555931e+01
1.256710895233333218e+02,2.102540122666666633e+01,4.262257313666666647e+01
1.256710895233333218e+02,2.102540122666666633e+01,4.373368424777778074e+01
1.256710895233333218e+02,2.102540122666666633e+01,4.484479535888888790e+01
1.256710895233333218e+02,2.102540122666666633e+01,4.595590647000000217e+01
1.267822006344444361e+02,2.102540122666666633e+01,3.595590647000000217e+01
1.267822006344444361e+02,2.102540122666666633e+01,3.706701758111111644e+01
1.267822006344444361e+02,2.102540122666666633e+01,3.817812869222222361e+01
1.267822006344444361e+02,2.102540122666666633e+01,3.928923980333333787e+01
1.267822006344444361e+02,2.102540122666666633e+01,4.040035091444444504e+01
1.267822006344444361e+02,2.102540122666666633e+01,4.151146202555555931e+01
1.267822006344444361e+02,2.102540122666666633e+01,4.262257313666666647e+01
1.267822006344444361e+02,2.102540122666666633e+01,4.373368424777778074e+01
1.267822006344444361e+02,2.102540122666666633e+01,4.484479535888888790e+01
1.267822006344444361e+02,2.102540122666666633e+01,4.595590647000000217e+01
1.278933117455555504e+02,2.102540122666666633e+01,3.595590647000000217e+01
1.278933117455555504e+02,2.102540122666666633e+01,3.706701758111111644e+01
1.278933117455555504e+02,2.102540122666666633e+01,3.817812869222222361e+01
1.278933117455555504e+02,2.102540122666666633e+01,3.928923980333333787e+01
1.278933117455555504e+02,2.102540122666666633e+01,4.040035091444444504e+01
1.278933117455555504e+02,2.102540122666666633e+01,4.151146202555555931e+01
1.278933117455555504e+02,2.102540122666666633e+01,4.262257313666666647e+01
1.278933117455555504e+02,2.102540122666666633e+01,4.373368424777778074e+01
1.278933117455555504e+02,2.102540122666666633e+01,4.484479535888888790e+01
1.278933117455555504e+02,2.102540122666666633e+01,4.595590647000000217e+01
1.290044228566666504e+02,2.102540122666666633e+01,3.595590647000000217e+01
1.290044228566666504e+02,2.102540122666666633e+01,3.706701758111111644e+01
1.290044228566666504e+02,2.102540122666666633e+01,3.817812869222222361e+01
1.290044228566666504e+02,2.102540122666666633e+01,3.928923980333333787e+01
1.290044228566666504e+02,2.102540122666666633e+01,4.040035091444444504e+01
1.290044228566666504e+02,2.102540122666666633e+01,4.151146202555555931e+01
1.290044228566666504e+02,2.102540122666666633e+01,4.262257313666666647e+01
1.290044228566666504e+02,2.102540122666666633e+01,4.373368424777778074e+01
1.290044228566666504e+02,2.102540122666666633e+01,4.484479535888888790e+01
1.290044228566666504e+02,2.102540122666666633e+01,4.595590647000000217e+01
1.301155339677777647e+02,2.102540122666666633e+01,3.595590647000000217e+01
1.301155339677777647e+02,2.102540122666666633e+01,3.706701758111111644e+01
1.301155339677777647e+02,2.102540122666666633e+01,3.817812869222222361e+01
1.301155339677777647e+02,2.102540122666666633e+01,3.928923980333333787e+01
1.301155339677777647e+02,2.102540122666666633e+01,4.040035091444444504e+01
1.301155339677777647e+02,2.102540122666666633e+01,4.151146202555555931e+01
1.301155339677777647e+02,2.102540122666666633e+01,4.262257313666666647e+01
1.301155339677777647e+02,2.102540122666666633e+01,4.373368424777778074e+01
1.301155339677777647e+02,2.102540122666666633e+01,4.484479535888888790e+01
1.301155339677777647e+02,2.102540122666666633e+01,4.595590647000000217e+01
1.312266450788888790e+02,2.102540122666666633e+01,3.595590647000000217e+01
1.312266450788888790e+02,2.102540122666666633e+01,3.706701758111111644e+01
1.312266450788888790e+02,2.102540122666666633e+01,3.817812869222222361e+01
1.312266450788888790e+02,2.102540122666666633e+01,3.928923980333333787e+01
1.312266450788888790e+02,2.102540122666666633e+01,4.040035091444444504e+01
1.312266450788888790e+02,2.102540122666666633e+01,4.151146202555555931e+01
1.312266450788888790e+02,2.102540122666666633e+01,4.262257313666666647e+01
1.312266450788888790e+02,2.102540122666666633e+01,4.373368424777778074e+01
1.312266450788888790e+02,2.102540122666666633e+01,4.484479535888888790e+01
1.312266450788888790e+02,2.102540122666666633e+01,4.595590647000000217e+01
1.323377561899999932e+02,2.102540122666666633e+01,3.595590647000000217e+01
1.323377561899999932e+02,2.102540122666666633e+01,3.706701758111111644e+01
1.323377561899999932e+02,2.102540122666666633e+01,3.817812869222222361e+01
1.323377561899999932e+02,2.102540122666666633e+01,3.928923980333333787e+01
1.323377561899999932e+02,2.102540122666666633e+01,4.040035091444444504e+01
1.323377561899999932e+02,2.102540122666666633e+01,4.151146202555555931e+01
1.323377561899999932e+02,2.102540122666666633e+01,4.262257313666666647e+01
1.323377561899999932e+02,2.102540122666666633e+01,4.373368424777778074e+01
1.323377561899999932e+02,2.102540122666666633e+01,4.484479535888888790e+01
1.323377561899999932e+02,2.102540122666666633e+01,4.595590647000000217e+01
1.223377561899999932e+02,2.213651233777777705e+01,3.595590647000000217e+01
1.223377561899999932e+02,2.213651233777777705e+01,3.706701758111111644e+01
1.223377561899999932e+02,2.213651233777777705e+01,3.817812869222222361e+01
1.223377561899999932e+02,2.213651233777777705e+01,3.928923980333333787e+01
1.223377561899999932e+02,2.213651233777777705e+01,4.040035091444444504e+01
1.223377561899999932e+02,2.213651233777777705e+01,4.151146202555555931e+01
1.223377561899999932e+02,2.213651233777777705e+01,4.262257313666666647e+01
1.223377561899999932e+02,2.213651233777777705e+01,4.373368424777778074e+01
1.223377561899999932e+02,2.213651233777777705e+01,4.484479535888888790e+01
1.223377561899999932e+02,2.213651233777777705e+01,4.595590647000000217e+01
1.234488673011111075e+02,2.213651233777777705e+01,3.595590647000000217e+01
1.234488673011111075e+02,2.213651233777777705e+01,3.706701758111111644e+01
1.234488673011111075e+02,2.213651233777777705e+01,3.817812869222222361e+01
1.234488673011111075e+02,2.213651233777777705e+01,3.928923980333333787e+01
1.234488673011111075e+02,2.213651233777777705e+01,4.040035091444444504e+01
1.234488673011111075e+02,2.213651233777777705e+01,4.151146202555555931e+01
1.234488673011111075e+02,2.213651233777777705e+01,4.262257313666666647e+01
1.234488673011111075e+02,2.213651233777777705e+01,4.373368424777778074e+01
1.234488673011111075e+02,2.213651233777777705e+01,4.484479535888888790e+01
1.234488673011111075e+02,2.213651233777777705e+01,4.595590647000000217e+01
1.245599784122222218e+02,2.213651233777777705e+01,3.595590647000000217e+01
1.245599784122222218e+02,2.213651233777777705e+01,3.706701758111111644e+01
1.245599784122222218e+02,2.213651233777777705e+01,3.817812869222222361e+01
1.245599784122222218e+02,2.213651233777777705e+01,3.928923980333333787e+01
1.245599784122222218e+02,2.213651233777777705e+01,4.040035091444444504e+01
1.245599784122222218e+02,2.213651233777777705e+01,4.151146202555555931e+01
1.245599784122222218e+02,2.213651233777777705e+01,4.262257313666666647e+01
1.245599784122222218e+02,2.213651233777777705e+01,4.373368424777778074e+01
1.245599784122222218e+02,2.213651233777777705e+01,4.484479535888888790e+01
1.245599784122222218e+02,2.213651233777777705e+01,4.595590647000000217e+01
1.256710895233333218e+02,2.213651233777777705e+01,3.595590647000000217e+01
1.256710895233333218e+02,2.213651233777777705e+01,3.706701758111111644e+01
1.256710895233333218e+02,2.213651233777777705e+01,3.817812869222222361e+01
1.256710895233333218e+02,2.213651233777777705e+01,3.928923980333333787e+01
1.256710895233333218e+02,2.213651233777777705e+01,4.040035091444444504e+01
1.256710895233333218e+02,2.213651233777777705e+01,4.151146202555555931e+01
1.256710895233333218e+02,2.213651233777777705e+01,4.262257313666666647e+01
1.256710895233333218e+02,2.213651233777777705e+01,4.373368424777778074e+01
1.256710895233333218e+02,2.213651233777777705e+01,4.484479535888888790e+01
1.256710895233333218e+02,2.213651233777777705e+01,4.595590647000000217e+01
1.267822006344444361e+02,2.213651233777777705e+01,3.595590647000000217e+01
1.267822006344444361e+02,2.213651233777777705e+01,3.706701758111111644e+01
1.267822006344444361e+02,2.213651233777777705e+01,3.817812869222222361e+01
1.267822006344444361e+02,2.213651233777777705e+01,3.928923980333333787e+01
1.267822006344444361e+02,2.213651233777777705e+01,4.040035091444444504e+01
1.267822006344444361e+02,2.213651233777777705e+01,4.151146202555555931e+01
1.267822006344444361e+02,2.213651233777777705e+01,4.262257313666666647e+01
1.267822006344444361e+02,2.213651233777777705e+01,4.373368424777778074e+01
1.267822006344444361e+02,2.213651233777777705e+01,4.484479535888888790e+01
1.267822006344444361e+02,2.213651233777777705e+01,4.595590647000000217e+01
1.278933117455555504e+02,2.213651233777777705e+01,3.595590647000000217e+01
1.278933117455555504e+02,2.213651233777777705e+01,3.706701758111111644e+01
1.278933117455555504e+02,2.213651233777777705e+01,3.817812869222222361e+01
1.278933117455555504e+02,2.213651233777777705e+01,3.928923980333333787e+01
1.278933117455555504e+02,2.213651233777777705e+01,4.040035091444444504e+01
1.278933117455555504e+02,2.213651233777777705e+01,4.151146202555555931e+01
1.278933117455555504e+02,2.213651233777777705e+01,4.262257313666666647e+01
1.278933117455555504e+02,2.213651233777777705e+01,4.373368424777778074e+01
1.278933117455555504e+02,2.213651233777777705e+01,4.484479535888888790e+01
1.278933117455555504e+02,2.213651233777777705e+01,4.595590647000000217e+01
1.290044228566666504e+02,2.213651233777777705e+01,3.595590647000000217e+01
1.290044228566666504e+02,2.213651233777777705e+01,3.706701758111111644e+01
1.290044228566666504e+02,2.213651233777777705e+01,3.817812869222222361e+01
1.290044228566666504e+02,2.213651233777777705e+01,3.928923980333333787e+01
1.290044228566666504e+02,2.213651233777777705e+01,4.040035091444444504e+01
1.290044228566666504e+02,2.213651233777777705e+01,4.151146202555555931e+01
1.290044228566666504e+02,2.213651233777777705e+01,4.262257313666666647e+01
1.290044228566666504e+02,2.213651233777777705e+01,4.373368424777778074e+01
1.290044228566666504e+02,2.213651233777777705e+01,4.484479535888888790e+01
1.290044228566666504e+02,2.213651233777777705e+01,4.595590647000000217e+01
1.301155339677777647e+02,2.213651233777777705e+01,3.595590647000000217e+01
1.301155339677777647e+02,2.213651233777777705e+01,3.706701758111111644e+01
1.301155339677777647e+02,2.213651233777777705e+01,3.817812869222222361e+01
1.301155339677777647e+02,2.213651233777777705e+01,3.928923980333333787e+01
1.301155339677777647e+02,2.213651233777777705e+01,4.040035091444444504e+01
1.301155339677777647e+02,2.213651233777777705e+01,4.151146202555555931e+01
1.301155339677777647e+02,2.213651233777777705e+01,4.262257313666666647e+01
1.301155339677777647e+02,2.213651233777777705e+01,4.373368424777778074e+01
1.301155339677777647e+02,2.213651233777777705e+01,4.484479535888888790e+01
1.301155339677777647e+02,2.213651233777777705e+01,4.595590647000000217e+01
1.312266450788888790e+02,2.213651233777777705e+01,3.595590647000000217e+01
1.312266450788888790e+02,2.213651233777777705e+01,3.706701758111111644e+01
1.312266450788888790e+02,2.213651233777777705e+01,3.817812869222222361e+01
1.312266450788888790e+02,2.213651233777777705e+01,3.928923980333333787e+01
1.312266450788888790e+02,2.213651233777777705e+01,4.040035091444444504e+01
1.312266450788888790e+02,2.213651233777777705e+01,4.151146202555555931e+01
1.312266450788888790e+02,2.213651233777777705e+01,4.262257313666666647e+01
1.312266450788888790e+02,2.213651233777777705e+01,4.373368424777778074e+01
1.312266450788888790e+02,2.213651233777777705e+01,4.484479535888888790e+01
1.312266450788888790e+02,2.213651233777777705e+01,4.595590647000000217e+01
1.323377561899999932e+02,2.213651233777777705e+01,3.595590647000000217e+01
1.323377561899999932e+02,2.213651233777777705e+01,3.706701758111111644e+01
1.323377561899999932e+02,2.213651233777777705e+01,3.817812869222222361e+01
1.323377561899999932e+02,2.213651233777777705e+01,3.928923980333333787e+01
1.323377561899999932e+02,2.213651233777777705e+01,4.040035091444444504e+01
1.323377561899999932e+02,2.213651233777777705e+01,4.151146202555555931e+01
1.323377561899999932e+02,2.213651233777777705e+01,4.262257313666666647e+01
1.323377561899999932e+02,2.213651233777777705e+01,4.373368424777778074e+01
1.323377561899999932e+02,2.213651233777777705e+01,4.484479535888888790e+01
1.323377561899999932e+02,2.213651233777777705e+01,4.595590647000000217e+01
1.223377561899999932e+02,2.324762344888888776e+01,3.595590647000000217e+01
1.223377561899999932e+02,2.324762344888888776e+01,3.706701758111111644e+01
1.223377561899999932e+02,2.324762344888888776e+01,3.817812869222222361e+01
1.223377561899999932e+02,2.324762344888888776e+01,3.928923980333333787e+01
1.223377561899999932e+02,2.324762344888888776e+01,4.040035091444444504e+01
1.223377561899999932e+02,2.324762344888888776e+01,4.151146202555555931e+01
1.223377561899999932e+02,2.324762344888888776e+01,4.262257313666666647e+01
1.223377561899999932e+02,2.324762344888888776e+01,4.373368424777778074e+01
1.223377561899999932e+02,2.324762344888888776e+01,4.484479535888888790e+01
1.223377561899999932e+02,2.324762344888888776e+01,4.595590647000000217e+01
1.234488673011111075e+02,2.324762344888888776e+01,3.595590647000000217e+01
1.234488673011111075e+02,2.324762344888888776e+01,3.706701758111111644e+01
1.234488673011111075e+02,2.324762344888888776e+01,3.817812869222222361e+01
1.234488673011111075e+02,2.324762344888888776e+01,3.928923980333333787e+01
1.234488673011111075e+02,2.324762344888888776e+01,4.040035091444444504e+01
1.234488673011111075e+02,2.324762344888888776e+01,4.151146202555555931e+01
1.234488673011111075e+02,2.324762344888888776e+01,4.262257313666666647e+01
1.234488673011111075e+02,2.324762344888888776e+01,4.373368424777778074e+01
1.234488673011111075e+02,2.324762344888888776e+01,4.484479535888888790e+01
1.234488673011111075e+02,2.324762344888888776e+01,4.595590647000000217e+01
1.245599784122222218e+02,2.324762344888888776e+01,3.595590647000000217e+01
1.245599784122222218e+02,2.324762344888888776e+01,3.706701758111111644e+01
1.245599784122222218e+02,2.324762344888888776e+01,3.817812869222222361e+01
1.245599784122222218e+02,2.324762344888888776e+01,3.928923980333333787e+01
1.245599784122222218e+02,2.324762344888888776e+01,4.040035091444444504e+01
1.245599784122222218e+02,2.324762344888888776e+01,4.151146202555555931e+01
1.245599784122222218e+02,2.324762344888888776e+01,4.262257313666666647e+01
1.245599784122222218e+02,2.324762344888888776e+01,4.373368424777778074e+01
1.245599784122222218e+02,2.324762344888888776e+01,4.484479535888888790e+01
1.245599784122222218e+02,2.324762344888888776e+01,4.595590647000000217e+01
1.256710895233333218e+02,2.324762344888888776e+01,3.595590647000000217e+01
1.256710895233333218e+02,2.324762344888888776e+01,3.706701758111111644e+01
1.256710895233333218e+02,2.324762344888888776e+01,3.817812869222222361e+01
1.256710895233333218e+02,2.324762344888888776e+01,3.928923980333333787e+01
1.256710895233333218e+02,2.324762344888888776e+01,4.040035091444444504e+01
1.256710895233333218e+02,2.324762344888888776e+01,4.151146202555555931e+01
1.256710895233333218e+02,2.324762344888888776e+01,4.262257313666666647e+01
1.256710895233333218e+02,2.324762344888888776e+01,4.373368424777778074e+01
1.256710895233333218e+02,2.324762344888888776e+01,4.484479535888888790e+01
1.256710895233333218e+02,2.324762344888888776e+01,4.595590647000000217e+01
1.267822006344444361e+02,2.324762344888888776e+01,3.595590647000000217e+01
1.267822006344444361e+02,2.324762344888888776e+01,3.706701758111111644e+01
1.267822006344444361e+02,2.324762344888888776e+01,3.817812869222222361e+01
1.267822006344444361e+02,2.324762344888888776e+01,3.928923980333333787e+01
1.267822006344444361e+02,2.324762344888888776e+01,4.040035091444444504e+01
1.267822006344444361e+02,2.324762344888888776e+01,4.151146202555555931e+01
1.267822006344444361e+02,2.324762344888888776e+01,4.262257313666666647e+01
1.267822006344444361e+02,2.324762344888888776e+01,4.373368424777778074e+01
1.267822006344444361e+02,2.324762344888888776e+01,4.484479535888888790e+01
1.267822006344444361e+02,2.324762344888888776e+01,4.595590647000000217e+01
1.278933117455555504e+02,2.324762344888888776e+01,3.595590647000000217e+01
1.278933117455555504e+02,2.324762344888888776e+01,3.706701758111111644e+01
1.278933117455555504e+02,2.324762344888888776e+01,3.817812869222222361e+01
1.278933117455555504e+02,2.324762344888888776e+01,3.928923980333333787e+01
1.278933117455555504e+02,2.324762344888888776e+01,4.040035091444444504e+01
1.278933117455555504e+02,2.324762344888888776e+01,4.151146202555555931e+01
1.278933117455555504e+02,2.324762344888888776e+01,4.262257313666666647e+01
1.278933117455555504e+02,2.324762344888888776e+01,4.373368424777778074e+01
1.278933117455555504e+02,2.324762344888888776e+01,4.484479535888888790e+01
1.278933117455555504e+02,2.324762344888888776e+01,4.595590647000000217e+01
1.290044228566666504e+02,2.324762344888888776e+01,3.595590647000000217e+01
1.290044228566666504e+02,2.324762344888888776e+01,3.706701758111111644e+01
1.290044228566666504e+02,2.324762344888888776e+01,3.817812869222222361e+01
1.290044228566666504e+02,2.324762344888888776e+01,3.928923980333333787e+01
1.290044228566666504e+02,2.324762344888888776e+01,4.040035091444444504e+01
1.290044228566666504e+02,2.324762344888888776e+01,4.151146202555555931e+01
1.290044228566666504e+02,2.324762344888888776e+01,4.262257313666666647e+01
1.290044228566666504e+02,2.324762344888888776e+01,4.373368424777778074e+01
1.290044228566666504e+02,2.324762344888888776e+01,4.484479535888888790e+01
1.290044228566666504e+02,2.324762344888888776e+01,4.595590647000000217e+01
1.301155339677777647e+02,2.324762344888888776e+01,3.595590647000000217e+01
1.301155339677777647e+02,2.324762344888888776e+01,3.706701758111111644e+01
1.301155339677777647e+02,2.324762344888888776e+01,3.817812869222222361e+01
1.301155339677777647e+02,2.324762344888888776e+01,3.928923980333333787e+01
1.301155339677777647e+02,2.324762344888888776e+01,4.040035091444444504e+01
1.301155339677777647e+02,2.324762344888888776e+01,4.151146202555555931e+01
1.301155339677777647e+02,2.324762344888888776e+01,4.262257313666666647e+01
1.301155339677777647e+02,2.324762344888888776e+01,4.373368424777778074e+01
1.301155339677777647e+02,2.324762344888888776e+01,4.484479535888888790e+01
1.301155339677777647e+02,2.324762344888888776e+01,4.595590647000000217e+01
1.312266450788888790e+02,2.324762344888888776e+01,3.595590647000000217e+01
1.312266450788888790e+02,2.324762344888888776e+01,3.706701758111111644e+01
1.312266450788888790e+02,2.324762344888888776e+01,3.817812869222222361e+01
1.312266450788888790e+02,2.324762344888888776e+01,3.928923980333333787e+01
1.312266450788888790e+02,2.324762344888888776e+01,4.040035091444444504e+01
1.312266450788888790e+02,2.324762344888888776e+01,4.151146202555555931e+01
1.312266450788888790e+02,2.324762344888888776e+01,4.262257313666666647e+01
1.312266450788888790e+02,2.324762344888888776e+01,4.373368424777778074e+01
1.312266450788888790e+02,2.324762344888888776e+01,4.484479535888888790e+01
1.312266450788888790e+02,2.324762344888888776e+01,4.595590647000000217e+01
1.323377561899999932e+02,2.324762344888888776e+01,3.595590647000000217e+01
1.323377561899999932e+02,2.324762344888888776e+01,3.706701758111111644e+01
1.323377561899999932e+02,2.324762344888888776e+01,3.817812869222222361e+01
1.323377561899999932e+02,2.324762344888888776e+01,3.928923980333333787e+01
1.323377561899999932e+02,2.324762344888888776e+01,4.040035091444444504e+01
1.323377561899999932e+02,2.324762344888888776e+01,4.151146202555555931e+01
1.323377561899999932e+02,2.324762344888888776e+01,4.262257313666666647e+01
1.323377561899999932e+02,2.324762344888888776e+01,4.373368424777778074e+01
1.323377561899999932e+02,2.324762344888888776e+01,4.484479535888888790e+01
1.323377561899999932e+02,2.324762344888888776e+01,4.595590647000000217e+01
1.223377561899999932e+02,2.435873455999999848e+01,3.595590647000000217e+01
1.223377561899999932e+02,2.435873455999999848e+01,3.706701758111111644e+01
1.223377561899999932e+02,2.435873455999999848e+01,3.817812869222222361e+01
1.223377561899999932e+02,2.435873455999999848e+01,3.928923980333333787e+01
1.223377561899999932e+02,2.435873455999999848e+01,4.040035091444444504e+01
1.223377561899999932e+02,2.435873455999999848e+01,4.151146202555555931e+01
1.223377561899999932e+02,2.435873455999999848e+01,4.262257313666666647e+01
1.223377561899999932e+02,2.435873455999999848e+01,4.373368424777778074e+01
1.223377561899999932e+02,2.435873455999999848e+01,4.484479535888888790e+01
1.223377561899999932e+02,2.435873455999999848e+01,4.595590647000000217e+01
1.234488673011111075e+02,2.435873455999999848e+01,3.595590647000000217e+01
1.234488673011111075e+02,2.435873455999999848e+01,3.706701758111111644e+01
1.234488673011111075e+02,2.435873455999999848e+01,3.817812869222222361e+01
1.234488673011111075e+02,2.435873455999999848e+01,3.928923980333333787e+01
1.234488673011111075e+02,2.435873455999999848e+01,4.040035091444444504e+01
1.234488673011111075e+02,2.435873455999999848e+01,4.151146202555555931e+01
1.234488673011111075e+02,2.435873455999999848e+01,4.262257313666666647e+01
1.234488673011111075e+02,2.435873455999999848e+01,4.373368424777778074e+01
1.234488673011111075e+02,2.435873455999999848e+01,4.484479535888888790e+01
1.234488673011111075e+02,2.435873455999999848e+01,4.595590647000000217e+01
1.245599784122222218e+02,2.435873455999999848e+01,3.595590647000000217e+01
1.245599784122222218e+02,2.435873455999999848e+01,3.706701758111111644e+01
1.245599784122222218e+02,2.435873455999999848e+01,3.817812869222222361e+01
1.245599784122222218e+02,2.435873455999999848e+01,3.928923980333333787e+01
1.245599784122222218e+02,2.435873455999999848e+01,4.040035091444444504e+01
1.245599784122222218e+02,2.435873455999999848e+01,4.151146202555555931e+01
1.245599784122222218e+02,2.435873455999999848e+01,4.262257313666666647e+01
1.245599784122222218e+02,2.435873455999999848e+01,4.373368424777778074e+01
1.245599784122222218e+02,2.435873455999999848e+01,4.484479535888888790e+01
1.245599784122222218e+02,2.435873455999999848e+01,4.595590647000000217e+01
1.256710895233333218e+02,2.435873455999999848e+01,3.595590647000000217e+01
1.256710895233333218e+02,2.435873455999999848e+01,3.706701758111111644e+01
1.256710895233333218e+02,2.435873455999999848e+01,3.817812869222222361e+01
1.256710895233333218e+02,2.435873455999999848e+01,3.928923980333333787e+01
1.256710895233333218e+02,2.435873455999999848e+01,4.040035091444444504e+01
1.256710895233333218e+02,2.435873455999999848e+01,4.151146202555555931e+01
1.256710895233333218e+02,2.435873455999999848e+01,4.262257313666666647e+01
1.256710895233333218e+02,2.435873455999999848e+01,4.373368424777778074e+01
1.256710895233333218e+02,2.435873455999999848e+01,4.484479535888888790e+01
1.256710895233333218e+02,2.435873455999999848e+01,4.595590647000000217e+01
1.267822006344444361e+02,2.435873455999999848e+01,3.595590647000000217e+01
1.267822006344444361e+02,2.435873455999999848e+01,3.706701758111111644e+01
1.267822006344444361e+02,2.435873455999999848e+01,3.817812869222222361e+01
1.267822006344444361e+02,2.435873455999999848e+01,3.928923980333333787e+01
1.267822006344444361e+02,2.435873455999999848e+01,4.040035091444444504e+01
1.267822006344444361e+02,2.435873455999999848e+01,4.151146202555555931e+01
1.267822006344444361e+02,2.435873455999999848e+01,4.262257313666666647e+01
1.267822006344444361e+02,2.435873455999999848e+01,4.373368424777778074e+01
1.267822006344444361e+02,2.435873455999999848e+01,4.484479535888888790e+01
1.267822006344444361e+02,2.435873455999999848e+01,4.595590647000000217e+01
1.278933117455555504e+02,2.435873455999999848e+01,3.595590647000000217e+01
1.278933117455555504e+02,2.435873455999999848e+01,3.706701758111111644e+01
1.278933117455555504e+02,2.435873455999999848e+01,3.817812869222222361e+01
1.278933117455555504e+02,2.435873455999999848e+01,3.928923980333333787e+01
1.278933117455555504e+02,2.435873455999999848e+01,4.040035091444444504e+01
1.278933117455555504e+02,2.435873455999999848e+01,4.151146202555555931e+01
1.278933117455555504e+02,2.435873455999999848e+01,4.262257313666666647e+01
1.278933117455555504e+02,2.435873455999999848e+01,4.373368424777778074e+01
1.278933117455555504e+02,2.435873455999999848e+01,4.484479535888888790e+01
1.278933117455555504e+02,2.435873455999999848e+01,4.595590647000000217e+01
1.290044228566666504e+02,2.435873455999999848e+01,3.595590647000000217e+01
1.290044228566666504e+02,2.435873455999999848e+01,3.706701758111111644e+01
1.290044228566666504e+02,2.435873455999999848e+01,3.817812869222222361e+01
1.290044228566666504e+02,2.435873455999999848e+01,3.928923980333333787e+01
1.290044228566666504e+02,2.435873455999999848e+01,4.040035091444444504e+01
1.290044228566666504e+02,2.435873455999999848e+01,4.151146202555555931e+01
1.290044228566666504e+02,2.435873455999999848e+01,4.262257313666666647e+01
1.290044228566666504e+02,2.435873455999999848e+01,4.373368424777778074e+01
1.290044228566666504e+02,2.435873455999999848e+01,4.484479535888888790e+01
1.290044228566666504e+02,2.435873455999999848e+01,4.595590647000000217e+01
1.301155339677777647e+02,2.435873455999999848e+01,3.595590647000000217e+01
1.301155339677777647e+02,2.435873455999999848e+01,3.706701758111111644e+01
1.301155339677777647e+02,2.435873455999999848e+01,3.817812869222222361e+01
1.301155339677777647e+02,2.435873455999999848e+01,3.928923980333333787e+01
1.301155339677777647e+02,2.435873455999999848e+01,4.040035091444444504e+01
1.301155339677777647e+02,2.435873455999999848e+01,4.151146202555555931e+01
1.301155339677777647e+02,2.435873455999999848e+01,4.262257313666666647e+01
1.301155339677777647e+02,2.435873455999999848e+01,4.373368424777778074e+01
1.301155339677777647e+02,2.435873455999999848e+01,4.484479535888888790e+01
1.301155339677777647e+02,2.435873455999999848e+01,4.595590647000000217e+01
1.312266450788888790e+02,2.435873455999999848e+01,3.595590647000000217e+01
1.312266450788888790e+02,2.435873455999999848e+01,3.706701758111111644e+01
1.312266450788888790e+02,2.435873455999999848e+01,3.817812869222222361e+01
1.312266450788888790e+02,2.435873455999999848e+01,3.928923980333333787e+01
1.312266450788888790e+02,2.435873455999999848e+01,4.040035091444444504e+01
1.312266450788888790e+02,2.435873455999999848e+01,4.151146202555555931e+01
1.312266450788888790e+02,2.435873455999999848e+01,4.262257313666666647e+01
1.312266450788888790e+02,2.435873455999999848e+01,4.373368424777778074e+01
1.312266450788888790e+02,2.435873455999999848e+01,4.484479535888888790e+01
1.312266450788888790e+02,2.435873455999999848e+01,4.595590647000000217e+01
1.323377561899999932e+02,2.435873455999999848e+01,3.595590647000000217e+01
1.323377561899999932e+02,2.435873455999999848e+01,3.706701758111111644e+01
1.323377561899999932e+02,2.435873455999999848e+01,3.817812869222222361e+01
1.323377561899999932e+02,2.435873455999999848e+01,3.928923980333333787e+01
1.323377561899999932e+02,2.435873455999999848e+01,4.040035091444444504e+01
1.323377561899999932e+02,2.435873455999999848e+01,4.151146202555555931e+01
1.323377561899999932e+02,2.435873455999999848e+01,4.262257313666666647e+01
1.323377561899999932e+02,2.435873455999999848e+01,4.373368424777778074e+01
1.323377561899999932e+02,2.435873455999999848e+01,4.484479535888888790e+01
1.323377561899999932e+02,2.435873455999999848e+01,4.595590647000000217e+01
